"group.all" "pa" "lon" "lat" "bio1" "bio2" "bio3"
"1" 3 1 -49.0791667 -26.9055556 200 92 51
"2" 3 1 -67.705 -10.0247223 261 106 73
"3" 2 1 -39.5844444 -15.7388889 230 82 66
"4" 3 1 -39.6591667 -15.565 236 80 66
"5" 1 1 -38.9666667 -12.25 232 78 63
"6" 2 1 -39.6291667 -15.5641667 236 80 66
"7" 1 1 -43.1038889 -22.9508333 231 82 56
"8" 1 1 -51.7172223 -17.9230556 235 119 72
"10" 3 1 -39.5533333 -14.2125 236 68 65
"11" 1 1 -42.8425 -22.8969444 230 83 55
"12" 3 1 -39.6525 -15.5722223 236 80 66
"13" 3 1 -41.2911111 -21.7619444 234 92 58
"18" 1 1 -38.1016667 -4.8380555 272 100 80
"19" 3 1 -47.8777778 -15.9463889 208 114 71
"20" 2 1 -42.8422222 -22.8966666 230 83 55
"21" 2 1 -36.2986111 -10.0266667 244 79 69
"22" 2 1 -36.4938889 -10.3280556 249 83 68
"23" 3 1 -35.2394444 -5.8369444 257 89 74
"25" 1 1 -35.3527778 -6.3291667 254 95 74
"28" 1 1 -35.1941666 -5.8419444 257 89 74
"29" 1 1 -35.2991666 -5.4694445 260 83 74
"30" 3 1 -35.135 -5.8491666 258 84 73
"31" 1 1 -35.2008333 -5.8425 257 89 74
"35" 1 1 -42.9888889 -22.8263889 232 87 56
"36" 3 1 -36.2736111 -10.0477777 244 79 69
"37" 3 1 -40.1511111 -19.6752778 245 87 60
"38" 2 1 -39.5522222 -14.2138889 236 68 65
"40" 3 1 -43.1613889 -22.9638889 231 82 56
"41" 1 1 -38.0161111 -12.5736111 246 75 66
"42" 2 1 -40.68 -15.0605556 214 97 67
"44" 2 1 -40.2616667 -19.6783334 244 91 61
"47" 2 1 -40.1472222 -19.0569444 240 94 64
"48" 2 1 -40.15 -19.6766667 245 87 60
"49" 3 1 -40.2794445 -19.7244445 244 91 61
"51" 1 1 -39.5672223 -15.7127778 230 82 66
"52" 2 1 -39.4838889 -14.2730556 238 66 65
"53" 2 1 -41.9605556 -22.8063889 229 68 56
"55" 1 1 -40.2780556 -19.7291667 244 91 61
"56" 3 1 -43.1627778 -22.9638889 231 82 56
"59" 2 1 -43.0777778 -22.9180556 231 82 56
"60" 3 1 -40.6780556 -15.0619444 214 97 67
"61" 2 1 -43.1155556 -22.9402777 231 82 56
"62" 3 1 -43.1166667 -22.9441666 231 82 56
"63" 2 1 -42.5938889 -22.7516667 225 84 57
"64" 1 1 -39.5525 -14.2133333 236 68 65
"65" 1 1 -39.5794445 -16.9683334 244 87 67
"66" 1 1 -42.4611111 -22.9286111 230 74 56
"67" 3 1 -41.9827778 -22.8047222 229 68 56
"69" 2 1 -35.2 -5.8166667 258 87 74
"70" 1 1 -42.4613889 -22.9291667 230 74 56
"73" 2 1 -39.7333333 -14.5666667 229 74 66
"74" 3 1 -43.1861111 -22.9647222 224 82 56
"75" 1 1 -41.9666667 -22.7166667 229 68 56
"76" 3 1 -34.9502778 -8.0127778 256 64 69
"78" 1 1 -50.8666667 -11.7833333 275 120 74
"79" 2 1 -39.5777778 -15.6986111 230 82 66
"80" 3 1 -39.25 -17.65 244 75 63
"81" 3 1 -39.2022222 -16.4191667 241 78 66
"82" 2 1 -36.2666667 -10.0333333 244 79 69
"83" 1 1 -43.1630556 -22.9633333 231 82 56
"84" 2 1 -47.8777778 -15.9472222 208 114 71
"85" 1 1 -43.0875 -22.9444444 231 82 56
"86" 3 1 -39.5433333 -15.1636111 235 75 64
"90" 1 1 -35.135 -6.9602778 253 87 71
"92" 2 1 -39.7333333 -14.65 229 74 66
"1100" 1 0 -69.4166666666667 -9.75 249 117 75
"2100" 3 0 -53.0833333333333 -32.75 175 97 47
"310" 1 0 -50.4166666666667 -22.4166666666667 209 127 64
"410" 3 0 -43.0833333333333 -4.25 271 110 72
"510" 1 0 -43.9166666666667 -5.91666666666666 265 109 71
"610" 3 0 -73.9166666666667 -9.25 263 111 78
"710" 2 0 -54.5833333333333 -13.25 243 142 71
"810" 1 0 -48.9166666666667 -17.9166666666667 238 132 69
"9" 2 0 -52.9166666666667 -24.4166666666667 203 121 59
"1010" 2 0 -72.25 -11.75 253 118 79
"1110" 1 0 -57.0833333333333 -7.08333333333333 261 113 65
"1210" 1 0 -67.75 -9.91666666666666 260 107 74
"1310" 1 0 -72.9166666666667 -9.58333333333333 258 112 78
"14" 2 0 -51.25 -14.9166666666667 259 119 70
"15" 2 0 -38.4166666666667 -10.5833333333333 229 102 69
"16" 3 0 -68.0833333333333 -14.0833333333333 237 105 71
"17" 2 0 -39.0833333333333 -4.25 248 86 76
"1810" 2 0 -51.9166666666667 -10.25 260 133 73
"1910" 1 0 -46.25 -20.9166666666667 199 125 66
"2010" 2 0 -68.0833333333333 -15.0833333333333 202 100 73
"2110" 3 0 -40.25 -10.0833333333333 228 116 72
"2210" 3 0 -47.75 -17.75 228 129 69
"2310" 2 0 -65.4166666666667 -2.08333333333333 262 93 87
"24" 1 0 -41.25 -4.25 260 116 77
"2510" 3 0 -50.75 -22.0833333333333 216 126 63
"26" 2 0 -48.25 -7.25 260 115 75
"27" 1 0 -70.4166666666667 -16.0833333333333 37 162 73
"2810" 2 0 -47.9166666666667 -19.25 209 119 69
"2910" 3 0 -52.4166666666667 -29.5833333333333 190 98 50
"301" 1 0 -64.9166666666667 -17.25 239 117 64
"311" 2 0 -45.9166666666667 -10.0833333333333 252 136 71
"32" 2 0 -46.25 -7.41666666666666 259 118 72
"33" 3 0 -37.0833333333333 -5.75 272 96 77
"34" 2 0 -49.75 -24.75 170 115 57
"351" 3 0 -47.5833333333333 -5.08333333333333 256 114 77
"361" 1 0 -72.0833333333333 -9.91666666666666 253 113 77
"371" 2 0 -68.25 -5.08333333333333 258 97 84
"381" 3 0 -45.4166666666667 -6.41666666666666 255 117 72
"39" 1 0 -51.9166666666667 -15.9166666666667 257 122 68
"401" 2 0 -51.75 -11.5833333333333 264 129 73
"411" 2 0 -71.25 -15.0833333333333 32 188 69
"421" 1 0 -52.5833333333333 -12.25 253 140 69
"43" 2 0 -67.5833333333333 -4.25 258 92 83
"441" 1 0 -50.4166666666667 -7.58333333333333 244 126 78
"45" 1 0 -55.9166666666667 -9.41666666666666 254 137 68
"46" 1 0 -43.5833333333333 -16.4166666666667 225 131 70
"471" 3 0 -63.9166666666667 -10.25 255 112 74
"481" 1 0 -67.9166666666667 -5.58333333333333 257 98 83
"491" 1 0 -52.25 -22.5833333333333 223 126 64
"50" 2 0 -55.25 -30.4166666666667 185 117 50
"511" 2 0 -62.4166666666667 -9.75 251 116 69
"521" 1 0 -42.25 -18.0833333333333 228 123 67
"531" 3 0 -70.5833333333333 -1.91666666666666 258 89 86
"54" 2 0 -54.75 -8.58333333333333 252 137 69
"551" 1 0 -68.9166666666667 -14.4166666666667 164 114 73
"561" 2 0 -68.9166666666667 -5.08333333333333 257 99 84
"57" 2 0 -58.0833333333333 -23.4166666666667 240 125 57
"58" 1 0 -69.0833333333333 -2.08333333333333 255 89 87
"591" 2 0 -53.75 -5.08333333333333 253 107 79
"601" 3 0 -60.4166666666667 -18.75 245 131 66
"611" 3 0 -43.9166666666667 -22.75 207 114 60
"621" 2 0 -56.5833333333333 -29.25 202 117 48
"631" 1 0 -75.0833333333333 -8.08333333333333 263 118 81
"641" 1 0 -51.25 -12.0833333333333 269 124 73
"651" 1 0 -66.75 -6.41666666666666 260 99 81
"661" 3 0 -56.75 -22.5833333333333 236 116 59
"671" 2 0 -39.9166666666667 -7.08333333333333 241 103 74
"68" 2 0 -45.5833333333333 -6.91666666666666 259 118 72
"691" 3 0 -60.9166666666667 -8.91666666666666 254 114 68
"701" 1 0 -56.0833333333333 -20.5833333333333 241 120 64
"71" 1 0 -71.0833333333333 -4.75 258 99 84
"72" 1 0 -51.9166666666667 -18.9166666666667 237 121 72
"731" 3 0 -51.75 -21.0833333333333 237 121 65
"741" 2 0 -63.75 -14.75 256 119 68
"751" 3 0 -57.5833333333333 -11.0833333333333 250 134 70
"761" 2 0 -72.9166666666667 -15.9166666666667 161 150 81
"77" 3 0 -54.4166666666667 -24.5833333333333 210 127 57
"781" 1 0 -73.75 -6.41666666666666 264 105 80
"791" 2 0 -58.25 -15.4166666666667 253 130 70
"801" 3 0 -67.5833333333333 -6.25 258 101 82
"811" 2 0 -51.0833333333333 -27.9166666666667 166 107 54
"821" 2 0 -50.75 -30.9166666666667 186 81 44
"831" 3 0 -56.5833333333333 -6.08333333333333 263 108 70
"841" 1 0 -44.4166666666667 -17.0833333333333 219 134 69
"851" 1 0 -44.75 -5.08333333333333 269 107 73
"861" 2 0 -65.5833333333333 -10.0833333333333 264 108 74
"87" 3 0 -48.0833333333333 -25.0833333333333 223 85 49
"88" 3 0 -41.4166666666667 -16.9166666666667 215 119 68
"89" 3 0 -36.0833333333333 -9.91666666666666 245 73 68
"901" 1 0 -64.5833333333333 -2.25 265 92 87
"91" 1 0 -67.25 -15.4166666666667 232 109 68
"921" 3 0 -69.0833333333333 -13.4166666666667 249 103 74
"93" 1 0 -51.5833333333333 -19.5833333333333 236 125 70
"94" 3 0 -54.75 -15.9166666666667 239 127 65
"95" 1 0 -44.0833333333333 -9.25 254 126 75
"96" 2 0 -54.4166666666667 -20.5833333333333 232 113 70
"97" 3 0 -58.4166666666667 -10.4166666666667 249 129 68
"98" 3 0 -35.4166666666667 -6.91666666666666 254 99 73
"99" 3 0 -51.75 -14.4166666666667 258 128 71
"100" 1 0 -73.5833333333333 -11.5833333333333 193 147 79
"101" 3 0 -42.9166666666667 -5.58333333333333 270 114 70
"102" 3 0 -55.5833333333333 -5.91666666666666 257 110 73
"103" 3 0 -40.5833333333333 -14.5833333333333 200 95 67
"104" 2 0 -41.9166666666667 -18.75 237 117 65
"105" 2 0 -51.5833333333333 -12.25 262 128 72
"106" 1 0 -65.25 -9.75 264 106 74
"107" 3 0 -61.5833333333333 -8.58333333333333 256 109 68
"108" 2 0 -71.25 -14.0833333333333 41 182 69
"109" 3 0 -63.0833333333333 -7.91666666666666 263 103 71
"110" 3 0 -63.5833333333333 -14.75 255 120 68
"111" 1 0 -44.4166666666667 -22.4166666666667 212 118 62
"112" 3 0 -41.25 -5.25 250 112 74
"113" 3 0 -62.0833333333333 -12.5833333333333 242 129 70
"114" 2 0 -50.0833333333333 -15.4166666666667 240 102 68
"115" 3 0 -43.75 -4.08333333333333 271 104 76
"116" 3 0 -67.75 -10.75 261 106 71
"117" 3 0 -65.4166666666667 -2.25 262 93 87
"118" 2 0 -68.75 -15.5833333333333 168 117 73
"119" 1 0 -48.9166666666667 -22.4166666666667 207 126 65
"120" 1 0 -44.75 -7.25 265 115 73
"121" 2 0 -40.5833333333333 -17.9166666666667 237 104 68
"122" 3 0 -69.0833333333333 -12.25 251 113 71
"123" 1 0 -61.25 -14.4166666666667 242 133 70
"124" 1 0 -51.9166666666667 -18.5833333333333 236 121 72
"125" 1 0 -54.75 -16.4166666666667 246 126 65
"126" 1 0 -57.75 -19.9166666666667 258 115 63
"127" 1 0 -52.9166666666667 -4.08333333333333 251 99 81
"128" 3 0 -49.5833333333333 -27.75 159 99 53
"129" 3 0 -38.9166666666667 -13.75 247 64 64
"130" 2 0 -53.5833333333333 -21.5833333333333 236 118 67
"131" 3 0 -53.9166666666667 -25.4166666666667 197 131 57
"132" 2 0 -43.9166666666667 -10.25 246 144 73
"133" 1 0 -44.4166666666667 -4.08333333333333 273 101 78
"134" 3 0 -38.4166666666667 -9.58333333333333 242 107 69
"135" 1 0 -61.5833333333333 -4.91666666666666 266 89 83
"136" 1 0 -52.0833333333333 -15.0833333333333 253 131 69
"137" 2 0 -57.4166666666667 -6.25 266 106 68
"138" 1 0 -44.9166666666667 -15.0833333333333 230 134 70
"139" 2 0 -57.0833333333333 -8.91666666666666 259 127 66
"140" 2 0 -38.25 -11.75 232 87 67
"141" 3 0 -61.9166666666667 -15.4166666666667 241 134 69
"142" 3 0 -51.25 -20.5833333333333 231 124 66
"143" 1 0 -53.25 -14.4166666666667 236 143 70
"144" 1 0 -44.5833333333333 -11.5833333333333 246 152 69
"145" 1 0 -51.25 -6.91666666666666 251 125 79
"146" 2 0 -54.0833333333333 -8.08333333333333 247 134 72
"147" 3 0 -36.25 -5.75 248 87 74
"148" 3 0 -73.25 -9.25 259 110 77
"149" 1 0 -39.4166666666667 -8.58333333333333 252 106 70
"150" 3 0 -66.75 -2.41666666666666 257 92 85
"151" 1 0 -47.25 -9.58333333333333 261 124 72
"152" 1 0 -55.5833333333333 -4.58333333333333 260 101 80
"153" 2 0 -53.0833333333333 -25.5833333333333 187 135 58
"154" 2 0 -41.0833333333333 -3.91666666666666 225 115 79
"155" 3 0 -50.4166666666667 -5.75 255 109 82
"156" 1 0 -44.0833333333333 -2.58333333333333 270 78 82
"157" 2 0 -48.4166666666667 -9.41666666666666 267 122 73
"158" 2 0 -45.5833333333333 -3.41666666666666 272 98 82
"159" 3 0 -40.9166666666667 -12.0833333333333 212 107 72
"160" 3 0 -54.4166666666667 -26.9166666666667 189 130 57
"161" 2 0 -43.4166666666667 -13.4166666666667 253 128 75
"162" 2 0 -62.75 -9.25 255 109 70
"163" 1 0 -60.0833333333333 -7.25 259 105 70
"164" 3 0 -49.9166666666667 -4.25 270 103 87
"165" 1 0 -43.5833333333333 -14.5833333333333 241 124 72
"166" 1 0 -62.0833333333333 -12.25 235 130 71
"167" 2 0 -52.25 -16.75 239 126 70
"168" 3 0 -49.75 -3.91666666666666 270 104 87
"169" 2 0 -48.75 -6.91666666666666 261 114 76
"170" 2 0 -44.25 -14.9166666666667 231 128 70
"171" 1 0 -69.75 -5.58333333333333 255 103 85
"172" 2 0 -40.4166666666667 -6.08333333333333 251 102 77
"173" 3 0 -42.5833333333333 -13.9166666666667 212 109 73
"174" 1 0 -72.5833333333333 -8.75 257 106 75
"175" 3 0 -41.5833333333333 -10.25 237 123 76
"176" 1 0 -72.5833333333333 -3.58333333333333 261 95 84
"177" 1 0 -66.75 -12.5833333333333 263 114 71
"178" 2 0 -56.4166666666667 -21.5833333333333 235 117 61
"179" 3 0 -44.0833333333333 -14.5833333333333 243 129 70
"180" 3 0 -52.25 -11.25 259 136 71
"181" 1 0 -54.4166666666667 -29.75 193 111 51
"182" 1 0 -55.4166666666667 -11.25 252 143 70
"183" 1 0 -73.25 -11.25 256 119 80
"184" 3 0 -56.0833333333333 -12.0833333333333 252 139 68
"185" 2 0 -66.0833333333333 -15.4166666666667 251 109 62
"186" 2 0 -63.25 -10.9166666666667 248 121 72
"187" 2 0 -56.75 -10.9166666666667 250 137 71
"188" 3 0 -66.5833333333333 -9.25 261 108 77
"189" 3 0 -49.75 -11.9166666666667 272 118 71
"190" 1 0 -57.9166666666667 -30.4166666666667 194 117 47
"191" 2 0 -62.9166666666667 -9.25 256 108 70
"192" 2 0 -45.75 -21.75 202 132 66
"193" 2 0 -45.0833333333333 -1.91666666666666 270 76 79
"194" 3 0 -64.0833333333333 -8.08333333333333 262 102 74
"195" 2 0 -44.75 -10.25 254 145 70
"196" 3 0 -70.5833333333333 -2.08333333333333 258 90 87
"197" 1 0 -47.0833333333333 -6.25 253 124 70
"198" 1 0 -48.0833333333333 -14.9166666666667 224 101 69
"199" 1 0 -38.9166666666667 -16.0833333333333 241 73 65
"200" 2 0 -68.9166666666667 -2.91666666666666 256 91 87
"201" 2 0 -56.75 -18.4166666666667 260 111 65
"202" 3 0 -67.5833333333333 -15.4166666666667 244 104 67
"203" 3 0 -57.75 -7.91666666666666 263 116 64
"204" 2 0 -52.5833333333333 -29.75 197 98 50
"205" 3 0 -70.5833333333333 -12.0833333333333 247 109 75
"206" 2 0 -39.9166666666667 -9.25 242 124 74
"207" 1 0 -58.25 -15.9166666666667 256 128 68
"208" 1 0 -46.75 -21.0833333333333 188 114 67
"209" 3 0 -70.9166666666667 -7.25 257 104 81
"210" 2 0 -55.5833333333333 -26.25 210 125 55
"211" 2 0 -42.25 -3.91666666666666 271 110 75
"212" 3 0 -40.0833333333333 -5.41666666666666 242 93 78
"213" 3 0 -53.75 -16.9166666666667 225 132 68
"214" 2 0 -46.4166666666667 -10.9166666666667 243 132 72
"215" 3 0 -39.75 -4.91666666666666 253 94 79
"216" 3 0 -58.5833333333333 -8.08333333333333 261 115 66
"217" 2 0 -46.25 -13.5833333333333 239 113 72
"218" 2 0 -47.0833333333333 -11.0833333333333 253 127 71
"219" 1 0 -53.4166666666667 -25.9166666666667 184 136 58
"220" 3 0 -51.0833333333333 -4.08333333333333 253 100 82
"221" 3 0 -59.0833333333333 -9.58333333333333 250 124 67
"222" 1 0 -72.4166666666667 -14.75 14 174 71
"223" 2 0 -63.5833333333333 -14.25 255 122 70
"224" 1 0 -47.9166666666667 -5.41666666666666 266 112 77
"225" 2 0 -54.25 -6.91666666666666 253 123 73
"226" 2 0 -46.25 -10.9166666666667 236 133 72
"227" 1 0 -55.9166666666667 -12.4166666666667 251 139 68
"228" 3 0 -54.25 -7.75 250 130 71
"229" 1 0 -61.75 -9.25 253 114 69
"230" 3 0 -55.5833333333333 -31.0833333333333 182 121 49
"231" 3 0 -70.0833333333333 -3.08333333333333 258 91 86
"232" 3 0 -52.75 -7.25 248 128 77
"233" 1 0 -58.5833333333333 -26.0833333333333 219 131 53
"234" 2 0 -67.9166666666667 -1.75 256 89 85
"235" 1 0 -66.0833333333333 -12.75 264 117 71
"236" 2 0 -72.75 -7.91666666666666 255 100 74
"237" 1 0 -70.5833333333333 -5.75 257 102 83
"238" 3 0 -52.9166666666667 -10.75 255 141 69
"239" 3 0 -54.0833333333333 -14.9166666666667 220 139 69
"240" 2 0 -59.4166666666667 -21.5833333333333 251 126 59
"241" 3 0 -55.4166666666667 -16.25 236 123 66
"242" 2 0 -45.25 -23.9166666666667 209 80 52
"243" 1 0 -61.9166666666667 -8.41666666666666 259 107 69
"244" 2 0 -47.0833333333333 -15.0833333333333 246 111 69
"245" 1 0 -49.4166666666667 -15.9166666666667 238 98 67
"246" 1 0 -75.75 -9.08333333333333 226 134 85
"247" 3 0 -45.5833333333333 -1.58333333333333 268 77 76
"248" 1 0 -45.75 -5.08333333333333 264 112 75
"249" 1 0 -51.9166666666667 -26.0833333333333 168 125 58
"250" 2 0 -56.25 -9.91666666666666 255 137 68
"251" 2 0 -37.0833333333333 -5.91666666666666 264 96 77
"252" 1 0 -49.0833333333333 -16.4166666666667 227 107 67
"253" 2 0 -55.9166666666667 -14.5833333333333 248 122 75
"254" 1 0 -67.25 -8.58333333333333 258 111 79
"255" 1 0 -52.25 -10.75 260 136 71
"256" 2 0 -45.0833333333333 -3.91666666666666 274 100 80
"257" 2 0 -40.4166666666667 -15.5833333333333 235 99 65
"258" 3 0 -41.25 -12.4166666666667 226 113 74
"259" 3 0 -47.5833333333333 -9.75 262 123 72
"260" 3 0 -59.4166666666667 -18.75 251 131 66
"261" 3 0 -70.4166666666667 -5.41666666666666 258 102 85
"262" 1 0 -36.25 -9.91666666666666 242 78 67
"263" 1 0 -59.25 -19.5833333333333 245 132 65
"264" 1 0 -38.25 -11.9166666666667 233 84 67
"265" 2 0 -55.0833333333333 -21.9166666666667 233 117 61
"266" 3 0 -44.5833333333333 -13.9166666666667 230 127 70
"267" 1 0 -52.0833333333333 -24.25 205 119 61
"268" 2 0 -49.25 -4.41666666666666 270 102 85
"269" 1 0 -74.75 -5.08333333333333 268 102 84
"270" 3 0 -47.25 -19.75 197 110 68
"271" 1 0 -57.4166666666667 -16.4166666666667 260 122 65
"272" 3 0 -40.0833333333333 -7.58333333333333 235 108 73
"273" 3 0 -57.0833333333333 -28.25 215 119 50
"274" 2 0 -40.5833333333333 -6.58333333333333 239 102 76
"275" 3 0 -54.4166666666667 -7.41666666666666 252 127 72
"276" 2 0 -42.75 -4.91666666666666 273 115 70
"277" 1 0 -53.75 -16.0833333333333 225 138 66
"278" 2 0 -42.5833333333333 -8.08333333333333 271 136 79
"279" 3 0 -62.5833333333333 -11.75 244 128 71
"280" 2 0 -56.9166666666667 -20.4166666666667 239 116 63
"281" 1 0 -44.75 -17.75 230 133 68
"282" 3 0 -48.25 -13.4166666666667 254 112 68
"283" 3 0 -67.5833333333333 -16.75 131 153 71
"284" 2 0 -71.9166666666667 -7.08333333333333 256 101 78
"285" 2 0 -74.4166666666667 -14.0833333333333 58 161 77
"286" 3 0 -53.9166666666667 -11.5833333333333 250 148 67
"287" 3 0 -60.4166666666667 -8.25 258 111 68
"288" 3 0 -76.0833333333333 -9.91666666666666 134 150 79
"289" 2 0 -58.75 -16.5833333333333 258 124 68
"290" 2 0 -49.75 -18.0833333333333 238 124 69
"291" 2 0 -65.4166666666667 -4.75 264 90 82
"292" 3 0 -53.5833333333333 -27.4166666666667 198 121 56
"293" 1 0 -67.9166666666667 -7.08333333333333 255 107 81
"294" 1 0 -52.75 -16.75 238 131 68
"295" 2 0 -44.75 -13.75 234 127 71
"296" 1 0 -61.25 -4.25 268 87 82
"297" 2 0 -54.75 -14.4166666666667 238 134 72
"298" 2 0 -67.9166666666667 -16.9166666666667 99 167 68
"299" 1 0 -40.9166666666667 -5.41666666666666 234 105 76
"300" 3 0 -56.5833333333333 -20.25 250 115 63
