"group.all" "pa" "lon" "lat" "bio1" "bio2" "bio3" "bio5"
"1" 3 1 -49.0791667 -26.9055556 200 92 51 291
"2" 3 1 -67.705 -10.0247223 261 106 73 328
"3" 2 1 -39.5844444 -15.7388889 230 82 66 289
"4" 3 1 -39.6591667 -15.565 236 80 66 295
"5" 1 1 -38.9666667 -12.25 232 78 63 295
"6" 2 1 -39.6291667 -15.5641667 236 80 66 295
"7" 1 1 -43.1038889 -22.9508333 231 82 56 304
"8" 1 1 -51.7172223 -17.9230556 235 119 72 309
"10" 3 1 -39.5533333 -14.2125 236 68 65 288
"11" 1 1 -42.8425 -22.8969444 230 83 55 305
"12" 3 1 -39.6525 -15.5722223 236 80 66 295
"13" 3 1 -41.2911111 -21.7619444 234 92 58 312
"18" 1 1 -38.1016667 -4.8380555 272 100 80 335
"19" 3 1 -47.8777778 -15.9463889 208 114 71 278
"20" 2 1 -42.8422222 -22.8966666 230 83 55 305
"21" 2 1 -36.2986111 -10.0266667 244 79 69 303
"22" 2 1 -36.4938889 -10.3280556 249 83 68 312
"23" 3 1 -35.2394444 -5.8369444 257 89 74 315
"25" 1 1 -35.3527778 -6.3291667 254 95 74 318
"28" 1 1 -35.1941666 -5.8419444 257 89 74 315
"29" 1 1 -35.2991666 -5.4694445 260 83 74 313
"30" 3 1 -35.135 -5.8491666 258 84 73 313
"31" 1 1 -35.2008333 -5.8425 257 89 74 315
"35" 1 1 -42.9888889 -22.8263889 232 87 56 309
"36" 3 1 -36.2736111 -10.0477777 244 79 69 303
"37" 3 1 -40.1511111 -19.6752778 245 87 60 317
"38" 2 1 -39.5522222 -14.2138889 236 68 65 288
"40" 3 1 -43.1613889 -22.9638889 231 82 56 304
"41" 1 1 -38.0161111 -12.5736111 246 75 66 303
"42" 2 1 -40.68 -15.0605556 214 97 67 283
"44" 2 1 -40.2616667 -19.6783334 244 91 61 317
"47" 2 1 -40.1472222 -19.0569444 240 94 64 313
"48" 2 1 -40.15 -19.6766667 245 87 60 317
"49" 3 1 -40.2794445 -19.7244445 244 91 61 317
"51" 1 1 -39.5672223 -15.7127778 230 82 66 289
"52" 2 1 -39.4838889 -14.2730556 238 66 65 289
"53" 2 1 -41.9605556 -22.8063889 229 68 56 289
"55" 1 1 -40.2780556 -19.7291667 244 91 61 317
"56" 3 1 -43.1627778 -22.9638889 231 82 56 304
"59" 2 1 -43.0777778 -22.9180556 231 82 56 304
"60" 3 1 -40.6780556 -15.0619444 214 97 67 283
"61" 2 1 -43.1155556 -22.9402777 231 82 56 304
"62" 3 1 -43.1166667 -22.9441666 231 82 56 304
"63" 2 1 -42.5938889 -22.7516667 225 84 57 298
"64" 1 1 -39.5525 -14.2133333 236 68 65 288
"65" 1 1 -39.5794445 -16.9683334 244 87 67 307
"66" 1 1 -42.4611111 -22.9286111 230 74 56 297
"67" 3 1 -41.9827778 -22.8047222 229 68 56 289
"69" 2 1 -35.2 -5.8166667 258 87 74 315
"70" 1 1 -42.4613889 -22.9291667 230 74 56 297
"73" 2 1 -39.7333333 -14.5666667 229 74 66 284
"74" 3 1 -43.1861111 -22.9647222 224 82 56 297
"75" 1 1 -41.9666667 -22.7166667 229 68 56 289
"76" 3 1 -34.9502778 -8.0127778 256 64 69 300
"78" 1 1 -50.8666667 -11.7833333 275 120 74 350
"79" 2 1 -39.5777778 -15.6986111 230 82 66 289
"80" 3 1 -39.25 -17.65 244 75 63 305
"81" 3 1 -39.2022222 -16.4191667 241 78 66 297
"82" 2 1 -36.2666667 -10.0333333 244 79 69 303
"83" 1 1 -43.1630556 -22.9633333 231 82 56 304
"84" 2 1 -47.8777778 -15.9472222 208 114 71 278
"85" 1 1 -43.0875 -22.9444444 231 82 56 304
"86" 3 1 -39.5433333 -15.1636111 235 75 64 292
"90" 1 1 -35.135 -6.9602778 253 87 71 312
"92" 2 1 -39.7333333 -14.65 229 74 66 284
"1100" 1 0 -40.25 -9.41666666666666 244 127 75 325
"2100" 3 0 -58.5833333333333 -9.91666666666666 249 127 67 339
"310" 1 0 -63.9166666666667 -4.25 265 89 84 320
"410" 3 0 -68.75 -1.58333333333333 255 89 87 307
"510" 1 0 -53.75 -32.9166666666667 174 109 48 298
"610" 3 0 -43.9166666666667 -17.5833333333333 222 126 68 302
"710" 2 0 -67.25 -4.08333333333333 259 91 83 315
"810" 1 0 -53.5833333333333 -16.75 224 134 68 311
"9" 2 0 -48.5833333333333 -11.75 265 122 68 352
"1010" 2 0 -60.75 -7.41666666666666 262 104 70 335
"1110" 1 0 -73.4166666666667 -5.08333333333333 267 102 82 327
"1210" 1 0 -37.75 -6.25 254 102 76 321
"1310" 1 0 -66.5833333333333 -15.25 250 108 64 324
"14" 2 0 -69.75 -3.91666666666666 258 94 85 311
"15" 2 0 -61.25 -10.75 242 128 69 333
"16" 3 0 -63.9166666666667 -2.41666666666666 266 92 86 321
"17" 2 0 -46.0833333333333 -9.25 252 127 73 337
"1810" 2 0 -39.5833333333333 -7.08333333333333 246 104 73 320
"1910" 1 0 -74.4166666666667 -13.5833333333333 78 159 77 172
"2010" 2 0 -41.0833333333333 -13.0833333333333 232 115 73 307
"2110" 3 0 -56.4166666666667 -24.4166666666667 220 106 54 314
"2210" 3 0 -63.5833333333333 -6.75 263 99 76 330
"2310" 2 0 -54.4166666666667 -22.5833333333333 228 118 64 313
"24" 1 0 -67.4166666666667 -11.5833333333333 262 110 70 336
"2510" 3 0 -59.25 -20.4166666666667 252 128 62 348
"26" 2 0 -64.75 -10.25 260 109 74 335
"27" 1 0 -41.9166666666667 -15.25 207 113 71 281
"2810" 2 0 -67.4166666666667 -4.41666666666666 258 92 83 315
"2910" 3 0 -44.5833333333333 -4.25 273 102 77 342
"301" 1 0 -53.25 -18.5833333333333 236 123 70 313
"311" 2 0 -71.9166666666667 -16.75 187 137 81 268
"32" 2 0 -49.5833333333333 -10.75 271 120 71 353
"33" 3 0 -57.9166666666667 -20.9166666666667 255 117 60 345
"34" 2 0 -61.0833333333333 -4.58333333333333 268 88 83 324
"351" 3 0 -71.75 -11.5833333333333 252 116 78 322
"361" 1 0 -42.75 -9.91666666666666 262 138 78 347
"371" 2 0 -68.0833333333333 -12.0833333333333 258 110 69 333
"381" 3 0 -49.25 -9.58333333333333 267 123 73 349
"39" 1 0 -54.5833333333333 -19.5833333333333 236 118 69 312
"401" 2 0 -52.9166666666667 -13.9166666666667 242 141 71 331
"411" 2 0 -48.4166666666667 -25.25 216 82 48 301
"421" 1 0 -55.25 -8.41666666666666 254 134 69 355
"43" 2 0 -45.4166666666667 -5.58333333333333 263 112 71 343
"441" 1 0 -49.75 -7.75 260 125 77 342
"45" 1 0 -41.4166666666667 -3.08333333333333 274 105 82 342
"46" 1 0 -55.5833333333333 -8.75 244 136 68 347
"471" 3 0 -50.4166666666667 -17.5833333333333 244 119 70 319
"481" 1 0 -50.25 -16.25 238 106 68 311
"491" 1 0 -58.0833333333333 -10.0833333333333 250 129 67 342
"50" 2 0 -43.25 -21.9166666666667 207 114 61 292
"511" 2 0 -51.0833333333333 -6.41666666666666 249 119 80 323
"521" 1 0 -41.25 -14.5833333333333 228 107 70 296
"531" 3 0 -52.4166666666667 -23.4166666666667 212 123 62 302
"54" 2 0 -54.25 -21.75 237 116 65 318
"551" 1 0 -71.0833333333333 -9.25 255 111 77 320
"561" 2 0 -65.5833333333333 -3.25 263 91 85 317
"57" 2 0 -68.75 -17.75 65 181 70 178
"58" 1 0 -59.5833333333333 -14.5833333333333 242 134 71 323
"591" 2 0 -67.0833333333333 -4.75 261 90 81 318
"601" 3 0 -62.75 -12.4166666666667 247 127 71 335
"611" 3 0 -73.0833333333333 -10.5833333333333 259 115 79 328
"621" 2 0 -45.9166666666667 -18.9166666666667 216 124 70 292
"631" 1 0 -39.0833333333333 -15.4166666666667 240 72 65 293
"641" 1 0 -59.4166666666667 -8.25 258 113 66 341
"651" 1 0 -66.75 -15.4166666666667 251 107 64 324
"661" 3 0 -50.75 -18.0833333333333 232 119 71 306
"671" 2 0 -37.75 -7.08333333333333 253 96 72 321
"68" 2 0 -53.5833333333333 -22.75 230 125 64 321
"691" 3 0 -56.25 -7.91666666666666 256 124 67 349
"701" 1 0 -62.5833333333333 -3.91666666666666 265 87 84 321
"71" 1 0 -38.0833333333333 -9.41666666666666 255 102 68 333
"72" 1 0 -48.5833333333333 -9.25 262 123 74 344
"731" 3 0 -57.0833333333333 -12.4166666666667 254 136 69 349
"741" 2 0 -60.4166666666667 -14.5833333333333 223 136 70 309
"751" 3 0 -57.5833333333333 -19.75 257 112 64 339
"761" 2 0 -73.0833333333333 -3.58333333333333 264 98 85 320
"77" 3 0 -38.5833333333333 -4.41666666666666 263 90 79 320
"781" 1 0 -47.75 -12.25 254 125 67 343
"791" 2 0 -47.5833333333333 -10.4166666666667 260 125 70 346
"801" 3 0 -39.4166666666667 -10.5833333333333 237 115 72 319
"811" 2 0 -56.5833333333333 -23.5833333333333 228 115 56 325
"821" 2 0 -51.5833333333333 -27.0833333333333 166 119 56 268
"831" 3 0 -48.9166666666667 -22.5833333333333 204 126 65 290
"841" 1 0 -74.0833333333333 -5.41666666666666 271 104 83 332
"851" 1 0 -67.4166666666667 -13.4166666666667 260 112 71 335
"861" 2 0 -36.5833333333333 -7.91666666666666 225 92 69 295
"87" 3 0 -57.5833333333333 -26.25 224 113 52 334
"88" 3 0 -54.25 -19.75 232 117 69 308
"89" 3 0 -54.5833333333333 -16.75 240 127 66 325
"901" 1 0 -70.25 -12.4166666666667 248 106 74 313
"91" 1 0 -53.25 -8.08333333333333 250 133 73 343
"921" 3 0 -56.9166666666667 -14.9166666666667 256 122 70 326
"93" 1 0 -48.5833333333333 -25.9166666666667 210 74 47 289
"94" 3 0 -71.75 -9.91666666666666 254 113 77 322
"95" 1 0 -42.75 -16.0833333333333 211 127 70 293
"96" 2 0 -50.0833333333333 -14.0833333333333 262 111 70 337
"97" 3 0 -58.0833333333333 -14.9166666666667 240 133 72 318
"98" 3 0 -66.0833333333333 -3.91666666666666 263 90 84 317
"99" 3 0 -52.75 -29.0833333333333 177 103 53 281
"100" 1 0 -43.5833333333333 -7.08333333333333 274 111 74 352
"101" 3 0 -40.4166666666667 -18.9166666666667 237 102 68 312
"102" 3 0 -71.5833333333333 -16.0833333333333 60 177 75 164
"103" 3 0 -64.9166666666667 -10.5833333333333 262 109 71 339
"104" 2 0 -58.9166666666667 -11.5833333333333 238 132 68 327
"105" 2 0 -54.9166666666667 -27.4166666666667 200 125 55 316
"106" 1 0 -65.5833333333333 -13.75 259 121 71 341
"107" 3 0 -55.75 -28.0833333333333 209 122 52 329
"108" 2 0 -51.5833333333333 -29.4166666666667 179 96 51 279
"109" 3 0 -56.4166666666667 -6.91666666666666 258 115 68 342
"110" 3 0 -57.25 -10.25 247 134 69 341
"111" 1 0 -50.0833333333333 -16.75 239 111 68 312
"112" 3 0 -44.5833333333333 -23.0833333333333 221 101 59 302
"113" 3 0 -37.9166666666667 -9.08333333333333 239 99 66 315
"114" 2 0 -71.25 -2.91666666666666 259 92 85 312
"115" 3 0 -74.0833333333333 -14.5833333333333 58 165 77 155
"116" 3 0 -41.4166666666667 -6.58333333333333 246 110 73 325
"117" 3 0 -42.4166666666667 -9.08333333333333 267 138 78 351
"118" 2 0 -42.4166666666667 -14.5833333333333 222 111 70 296
"119" 1 0 -47.0833333333333 -17.9166666666667 231 118 71 303
"120" 1 0 -56.4166666666667 -18.5833333333333 260 112 65 337
"121" 2 0 -50.4166666666667 -10.9166666666667 274 121 74 351
"122" 3 0 -53.9166666666667 -9.91666666666666 252 144 69 358
"123" 1 0 -61.4166666666667 -6.91666666666666 263 100 74 331
"124" 1 0 -42.75 -6.41666666666666 267 114 73 350
"125" 1 0 -59.25 -13.0833333333333 229 134 70 314
"126" 1 0 -50.4166666666667 -23.5833333333333 203 124 62 293
"127" 1 0 -54.4166666666667 -10.5833333333333 249 146 69 356
"128" 3 0 -65.25 -7.25 262 101 77 326
"129" 3 0 -55.9166666666667 -21.25 237 118 62 321
"130" 2 0 -54.25 -25.5833333333333 205 132 56 316
"131" 3 0 -51.0833333333333 -27.25 155 115 56 255
"132" 2 0 -42.5833333333333 -22.25 175 102 59 259
"133" 1 0 -43.5833333333333 -15.25 245 119 70 321
"134" 3 0 -60.4166666666667 -19.5833333333333 249 131 63 343
"135" 1 0 -68.5833333333333 -4.75 256 97 85 313
"136" 1 0 -68.4166666666667 -7.41666666666666 255 111 81 318
"137" 2 0 -51.5833333333333 -22.75 219 126 64 306
"138" 1 0 -42.9166666666667 -2.41666666666666 273 87 82 329
"139" 2 0 -72.5833333333333 -9.75 257 112 77 325
"140" 2 0 -57.9166666666667 -26.0833333333333 224 113 52 337
"141" 3 0 -61.0833333333333 -15.75 241 142 68 334
"142" 3 0 -54.25 -17.5833333333333 236 127 68 319
"143" 1 0 -69.5833333333333 -16.5833333333333 59 141 70 146
"144" 1 0 -46.25 -18.5833333333333 217 117 70 291
"145" 1 0 -66.0833333333333 -7.75 261 104 78 325
"146" 2 0 -44.75 -2.75 272 90 84 330
"147" 3 0 -76.0833333333333 -11.5833333333333 24 138 77 100
"148" 3 0 -53.75 -32.5833333333333 173 112 49 299
"149" 1 0 -72.25 -9.91666666666666 255 113 77 323
"150" 3 0 -66.4166666666667 -3.08333333333333 257 93 85 313
"151" 1 0 -70.0833333333333 -11.5833333333333 243 114 71 315
"152" 1 0 -54.5833333333333 -10.75 250 146 69 355
"153" 2 0 -47.25 -20.4166666666667 203 101 66 268
"154" 2 0 -57.25 -23.9166666666667 231 113 56 329
"155" 3 0 -58.4166666666667 -19.9166666666667 257 123 63 347
"156" 1 0 -58.4166666666667 -27.75 216 113 49 336
"157" 2 0 -42.75 -10.75 258 140 75 346
"158" 2 0 -51.4166666666667 -15.4166666666667 258 119 70 335
"159" 3 0 -47.25 -23.4166666666667 184 106 60 264
"160" 3 0 -51.0833333333333 -27.4166666666667 159 113 55 259
"161" 2 0 -50.75 -17.0833333333333 235 115 69 310
"162" 2 0 -63.9166666666667 -9.08333333333333 260 104 72 329
"163" 1 0 -49.4166666666667 -14.9166666666667 247 101 69 318
"164" 3 0 -64.5833333333333 -12.75 262 122 71 348
"165" 1 0 -58.9166666666667 -14.0833333333333 225 137 72 308
"166" 1 0 -47.75 -20.5833333333333 220 111 67 287
"167" 2 0 -42.0833333333333 -8.08333333333333 269 136 77 355
"168" 3 0 -65.4166666666667 -12.25 265 118 71 347
"169" 2 0 -43.0833333333333 -10.75 252 138 80 332
"170" 2 0 -40.4166666666667 -2.75 278 109 81 348
"171" 1 0 -51.9166666666667 -20.5833333333333 243 121 67 318
"172" 2 0 -58.4166666666667 -13.4166666666667 236 138 70 321
"173" 3 0 -49.9166666666667 -11.4166666666667 273 119 73 351
"174" 1 0 -53.25 -6.91666666666666 247 125 77 329
"175" 3 0 -55.4166666666667 -20.5833333333333 240 119 67 319
"176" 1 0 -57.9166666666667 -7.91666666666666 262 116 65 349
"177" 1 0 -52.25 -17.25 232 124 71 310
"178" 2 0 -50.75 -14.4166666666667 263 115 70 339
"179" 3 0 -66.0833333333333 -17.5833333333333 154 164 67 260
"180" 3 0 -56.4166666666667 -31.5833333333333 177 122 47 316
"181" 1 0 -52.4166666666667 -22.75 218 126 64 304
"182" 1 0 -37.4166666666667 -9.41666666666666 240 89 64 310
"183" 1 0 -49.75 -13.25 264 114 71 341
"184" 3 0 -67.25 -15.25 237 108 68 308
"185" 2 0 -53.4166666666667 -23.5833333333333 209 131 63 306
"186" 2 0 -44.75 -11.5833333333333 245 152 69 347
"187" 2 0 -52.0833333333333 -15.25 253 131 69 335
"188" 3 0 -47.25 -17.9166666666667 224 117 71 295
"189" 3 0 -41.5833333333333 -21.9166666666667 232 96 57 312
"190" 1 0 -60.9166666666667 -11.5833333333333 233 129 69 323
"191" 2 0 -57.25 -29.25 203 115 48 329
"192" 2 0 -65.75 -14.9166666666667 249 112 62 325
"193" 2 0 -47.25 -11.25 249 126 71 337
"194" 3 0 -36.5833333333333 -6.41666666666666 257 97 78 324
"195" 2 0 -72.0833333333333 -12.9166666666667 123 156 75 217
"196" 3 0 -51.25 -11.0833333333333 273 124 75 350
"197" 1 0 -44.4166666666667 -6.25 263 110 72 341
"198" 1 0 -68.5833333333333 -1.91666666666666 255 89 86 307
"199" 1 0 -41.75 -12.75 204 121 72 285
"200" 2 0 -69.0833333333333 -4.58333333333333 255 98 85 312
"201" 2 0 -42.0833333333333 -12.25 206 125 71 290
"202" 3 0 -52.75 -30.4166666666667 186 95 48 291
"203" 3 0 -51.9166666666667 -19.9166666666667 239 123 69 317
"204" 2 0 -45.75 -18.25 226 127 71 304
"205" 3 0 -39.0833333333333 -14.4166666666667 241 63 64 289
"206" 2 0 -40.75 -13.5833333333333 231 98 72 296
"207" 1 0 -54.9166666666667 -9.91666666666666 253 144 69 361
"208" 1 0 -70.75 -15.0833333333333 25 185 68 138
"209" 3 0 -65.9166666666667 -2.58333333333333 258 94 87 313
"210" 2 0 -65.9166666666667 -3.58333333333333 262 91 85 317
"211" 2 0 -45.5833333333333 -19.9166666666667 218 137 67 302
"212" 3 0 -45.25 -9.25 253 128 73 342
"213" 3 0 -64.4166666666667 -8.58333333333333 261 103 75 328
"214" 2 0 -59.25 -20.75 252 126 61 350
"215" 3 0 -51.5833333333333 -15.0833333333333 258 123 70 336
"216" 3 0 -52.5833333333333 -25.4166666666667 179 128 60 281
"217" 2 0 -53.4166666666667 -22.5833333333333 230 125 65 320
"218" 2 0 -63.4166666666667 -8.91666666666666 259 103 71 330
"219" 1 0 -72.4166666666667 -4.08333333333333 260 96 84 316
"220" 3 0 -60.0833333333333 -6.25 266 97 73 332
"221" 3 0 -47.9166666666667 -24.75 218 91 51 304
"222" 1 0 -51.0833333333333 -22.5833333333333 218 125 64 304
"223" 2 0 -66.75 -13.4166666666667 262 115 71 339
"224" 1 0 -50.4166666666667 -23.9166666666667 193 126 62 285
"225" 2 0 -66.0833333333333 -7.25 261 102 79 323
"226" 2 0 -68.0833333333333 -7.41666666666666 255 110 81 319
"227" 1 0 -71.9166666666667 -10.0833333333333 254 113 76 323
"228" 3 0 -52.5833333333333 -16.4166666666667 236 132 68 320
"229" 1 0 -43.4166666666667 -20.25 198 115 62 279
"230" 3 0 -38.75 -8.08333333333333 235 106 69 312
"231" 3 0 -47.25 -16.0833333333333 219 123 71 294
"232" 3 0 -44.5833333333333 -7.41666666666666 264 115 73 344
"233" 1 0 -66.25 -11.25 265 114 69 342
"234" 2 0 -40.0833333333333 -13.25 206 83 68 268
"235" 1 0 -40.25 -9.25 245 128 75 327
"236" 2 0 -63.9166666666667 -16.4166666666667 250 110 64 325
"237" 1 0 -66.9166666666667 -4.91666666666666 262 89 80 319
"238" 3 0 -64.5833333333333 -9.25 262 105 75 330
"239" 3 0 -36.25 -9.91666666666666 242 78 67 301
"240" 2 0 -51.0833333333333 -11.75 274 121 74 350
"241" 3 0 -51.25 -22.5833333333333 221 126 64 307
"242" 2 0 -44.0833333333333 -18.9166666666667 220 130 67 303
"243" 1 0 -64.75 -16.5833333333333 252 110 62 327
"244" 2 0 -74.5833333333333 -13.4166666666667 42 154 77 130
"245" 1 0 -48.75 -13.25 258 113 69 337
"246" 1 0 -66.5833333333333 -18.0833333333333 82 174 65 195
"247" 3 0 -64.5833333333333 -7.25 263 101 76 329
"248" 1 0 -53.5833333333333 -15.25 225 144 67 319
"249" 1 0 -43.0833333333333 -10.4166666666667 253 140 79 338
"250" 2 0 -67.0833333333333 -3.41666666666666 257 92 85 312
"251" 2 0 -67.25 -5.91666666666666 259 97 80 319
"252" 1 0 -63.25 -9.75 256 111 71 332
"253" 2 0 -48.0833333333333 -5.08333333333333 264 109 79 333
"254" 1 0 -56.0833333333333 -23.4166666666667 223 116 58 317
"255" 1 0 -49.9166666666667 -15.25 238 101 68 310
"256" 2 0 -43.75 -9.75 254 137 76 343
"257" 2 0 -72.5833333333333 -13.4166666666667 81 162 74 181
"258" 3 0 -52.5833333333333 -24.0833333333333 202 117 61 293
"259" 3 0 -53.25 -25.5833333333333 189 135 58 300
"260" 3 0 -73.75 -7.91666666666666 257 108 77 324
"261" 3 0 -37.5833333333333 -12.0833333333333 248 83 68 311
"262" 1 0 -49.9166666666667 -18.25 243 123 69 321
"263" 1 0 -59.0833333333333 -18.0833333333333 244 126 68 330
"264" 1 0 -47.9166666666667 -7.08333333333333 255 113 74 333
"265" 2 0 -37.9166666666667 -9.58333333333333 254 93 66 324
"266" 3 0 -56.0833333333333 -26.75 217 121 51 336
"267" 1 0 -43.75 -14.0833333333333 248 126 72 329
"268" 2 0 -40.75 -18.5833333333333 238 108 68 316
"269" 1 0 -53.5833333333333 -14.4166666666667 235 143 71 323
"270" 3 0 -61.4166666666667 -10.9166666666667 238 129 68 331
"271" 1 0 -56.9166666666667 -20.9166666666667 236 117 62 321
"272" 3 0 -72.75 -5.58333333333333 260 101 82 319
"273" 3 0 -44.0833333333333 -21.0833333333333 196 119 66 278
"274" 2 0 -53.5833333333333 -24.4166666666667 205 128 59 309
"275" 3 0 -51.4166666666667 -7.58333333333333 249 130 77 333
"276" 2 0 -42.4166666666667 -5.08333333333333 266 116 70 354
"277" 1 0 -56.25 -21.9166666666667 235 117 60 322
"278" 2 0 -56.4166666666667 -5.58333333333333 262 105 73 334
"279" 3 0 -74.75 -14.75 153 166 77 247
"280" 2 0 -57.5833333333333 -9.41666666666666 250 128 67 344
"281" 1 0 -50.5833333333333 -15.25 258 109 69 332
"282" 3 0 -38.5833333333333 -3.91666666666666 255 73 78 299
"283" 3 0 -50.75 -6.91666666666666 240 122 79 318
"284" 2 0 -68.25 -4.91666666666666 257 96 84 314
"285" 2 0 -44.25 -9.58333333333333 250 132 74 342
"286" 3 0 -70.0833333333333 -14.9166666666667 72 165 69 173
"287" 3 0 -65.0833333333333 -12.0833333333333 265 118 71 347
"288" 3 0 -61.4166666666667 -11.75 236 130 69 328
"289" 2 0 -73.9166666666667 -8.25 260 109 77 328
"290" 2 0 -74.25 -12.75 109 157 76 202
"291" 2 0 -51.75 -4.08333333333333 247 97 80 308
"292" 3 0 -59.0833333333333 -12.75 232 134 69 318
"293" 1 0 -47.9166666666667 -8.91666666666666 264 121 73 346
"294" 1 0 -70.5833333333333 -16.25 22 167 73 123
"295" 2 0 -47.4166666666667 -19.4166666666667 200 113 68 269
"296" 1 0 -63.5833333333333 -12.25 254 123 72 340
"297" 2 0 -71.9166666666667 -11.9166666666667 250 117 79 321
"298" 2 0 -75.25 -9.41666666666666 258 116 84 326
"299" 1 0 -36.9166666666667 -5.25 270 93 79 328
"300" 3 0 -65.0833333333333 -13.4166666666667 263 122 70 348
