"group.all" "pa" "lon" "lat" "bio1" "bio2" "bio3"
"1" 9 1 -48.636944 -24.594167 212 101 52
"2" 2 1 -48.633611 -24.590556 212 101 52
"3" 6 1 -48.636944 -24.594167 212 101 52
"4" 1 1 -44.65 -22.82 154 120 62
"5" 3 1 -45.409722 -23.620278 197 91 56
"6" 5 1 -45.83 -23.63 161 96 57
"7" 8 1 -40.6 -19.9167 208 100 64
"8" 4 1 -46.529722 -23.66 183 97 59
"9" 7 1 -46.3167 -23.7833 168 90 56
"10" 2 0 -48.4166666666667 -27.0833333333333 201 86 50
"11" 8 0 -50.4166666666667 -23.0833333333333 216 126 63
"12" 2 0 -48.25 -24.4166666666667 207 99 52
"13" 7 0 -42.9166666666667 -18.4166666666667 205 122 64
"14" 3 0 -48.25 -23.9166666666667 189 107 57
"15" 8 0 -47.4166666666667 -24.0833333333333 191 95 55
"16" 5 0 -39.9166666666667 -17.75 243 89 66
"17" 3 0 -41.9166666666667 -22.25 227 92 59
"18" 4 0 -48.9166666666667 -26.0833333333333 187 86 50
"19" 6 0 -41.75 -18.9166666666667 241 117 65
"20" 1 0 -50.9166666666667 -24.9166666666667 183 120 59
"21" 3 0 -42.75 -21.5833333333333 220 121 63
"22" 2 0 -47.4166666666667 -21.9166666666667 208 119 64
"23" 4 0 -43.4166666666667 -23.0833333333333 233 84 56
"24" 4 0 -49.5833333333333 -26.9166666666667 175 104 54
"25" 7 0 -42.4166666666667 -20.9166666666667 201 130 64
"26" 4 0 -42.5833333333333 -20.5833333333333 199 125 64
"27" 5 0 -49.75 -24.4166666666667 169 118 55
"28" 3 0 -42.75 -19.5833333333333 218 118 63
"29" 6 0 -45.0833333333333 -21.5833333333333 194 131 66
"30" 7 0 -50.9166666666667 -25.5833333333333 169 116 58
"31" 9 0 -46.4166666666667 -20.9166666666667 196 122 67
"32" 5 0 -44.75 -21.4166666666667 191 125 67
"33" 3 0 -49.9166666666667 -23.0833333333333 212 126 62
"34" 7 0 -46.5833333333333 -23.75 175 93 57
"35" 5 0 -41.4166666666667 -21.25 233 102 61
"36" 3 0 -47.75 -23.25 199 112 61
"37" 5 0 -43.9166666666667 -22.4166666666667 203 111 61
"38" 9 0 -41.9166666666667 -22.9166666666667 228 64 56
"39" 3 0 -51.0833333333333 -25.0833333333333 182 117 59
"40" 4 0 -51.25 -23.5833333333333 201 124 64
"41" 6 0 -49.0833333333333 -22.25 209 127 65
"42" 7 0 -42.4166666666667 -21.4166666666667 228 123 62
"43" 6 0 -45.4166666666667 -20.25 205 132 67
"44" 8 0 -47.9166666666667 -23.0833333333333 203 115 62
"45" 3 0 -48.4166666666667 -25.5833333333333 207 73 48
"46" 6 0 -51.0833333333333 -23.9166666666667 178 128 64
"47" 8 0 -48.4166666666667 -23.0833333333333 191 120 64
"48" 3 0 -41.75 -19.25 233 120 65
"49" 5 0 -43.4166666666667 -21.9166666666667 208 113 61
"50" 5 0 -46.0833333333333 -20.9166666666667 202 129 67
"51" 1 0 -42.0833333333333 -21.25 224 121 62
"52" 6 0 -49.75 -22.4166666666667 205 127 64
"53" 3 0 -40.0833333333333 -17.75 241 93 67
"54" 1 0 -49.5833333333333 -24.75 178 114 56
"55" 1 0 -46.5833333333333 -21.0833333333333 190 118 67
"56" 8 0 -49.9166666666667 -26.75 179 112 54
"57" 1 0 -44.5833333333333 -23.0833333333333 221 101 59
"58" 2 0 -41.4166666666667 -19.5833333333333 240 121 66
"59" 4 0 -41.9166666666667 -18.25 228 119 65
"60" 4 0 -48.4166666666667 -21.75 211 119 65
"61" 1 0 -44.75 -22.5833333333333 197 120 62
"62" 7 0 -40.9166666666667 -18.0833333333333 236 110 68
"63" 6 0 -45.5833333333333 -20.5833333333333 207 132 67
"64" 2 0 -45.0833333333333 -21.9166666666667 193 138 67
"65" 6 0 -49.25 -25.9166666666667 162 103 54
"66" 4 0 -41.9166666666667 -17.5833333333333 212 122 68
"67" 2 0 -42.75 -21.9166666666667 220 120 62
"68" 5 0 -42.25 -20.5833333333333 190 130 65
"69" 8 0 -39.75 -19.0833333333333 241 86 62
"70" 8 0 -50.9166666666667 -25.4166666666667 177 115 58
"71" 6 0 -40.25 -18.75 239 100 67
"72" 1 0 -51.4166666666667 -23.75 196 126 63
"73" 2 0 -42.5833333333333 -19.75 234 120 63
"74" 2 0 -48.4166666666667 -24.75 197 93 50
"75" 9 0 -46.9166666666667 -21.4166666666667 204 120 65
"76" 6 0 -42.5833333333333 -22.0833333333333 194 110 60
"77" 5 0 -50.5833333333333 -26.5833333333333 158 122 56
"78" 9 0 -45.4166666666667 -20.75 204 129 67
"79" 2 0 -45.75 -21.9166666666667 200 132 66
"80" 3 0 -42.75 -22.0833333333333 196 111 61
"81" 1 0 -49.5833333333333 -22.9166666666667 207 127 64
"82" 7 0 -41.4166666666667 -21.0833333333333 225 108 63
"83" 5 0 -45.75 -24.0833333333333 222 68 48
"84" 8 0 -42.9166666666667 -20.9166666666667 205 119 62
"85" 6 0 -42.75 -21.75 214 121 62
"86" 7 0 -46.5833333333333 -22.9166666666667 181 112 63
"87" 3 0 -50.75 -26.0833333333333 170 124 56
"88" 4 0 -48.4166666666667 -25.4166666666667 212 76 47
"89" 8 0 -44.9166666666667 -21.9166666666667 188 137 66
"90" 6 0 -46.5833333333333 -22.0833333333333 189 122 64
"91" 4 0 -43.25 -21.9166666666667 207 114 61
"92" 7 0 -42.9166666666667 -19.5833333333333 203 117 63
"93" 1 0 -47.0833333333333 -21.9166666666667 206 121 64
"94" 3 0 -47.9166666666667 -22.75 208 117 62
"95" 4 0 -46.75 -23.25 180 106 61
"96" 8 0 -48.4166666666667 -23.25 199 119 63
"97" 7 0 -42.0833333333333 -18.9166666666667 238 118 66
"98" 8 0 -42.75 -22.5833333333333 229 92 57
"99" 2 0 -48.9166666666667 -25.9166666666667 173 90 51
"100" 1 0 -49.25 -26.9166666666667 200 95 51
"101" 9 0 -42.4166666666667 -19.4166666666667 238 119 65
"102" 1 0 -38.75 -17.9166666666667 241 64 59
"103" 7 0 -43.75 -22.25 202 109 60
"104" 3 0 -47.9166666666667 -21.75 209 117 65
"105" 5 0 -47.25 -22.5833333333333 201 118 64
"106" 9 0 -45.0833333333333 -22.5833333333333 191 123 63
"107" 9 0 -47.4166666666667 -22.4166666666667 200 117 63
"108" 8 0 -46.9166666666667 -24.0833333333333 201 86 54
"109" 1 0 -45.25 -23.9166666666667 209 80 52
"110" 7 0 -50.4166666666667 -24.4166666666667 183 127 62
"111" 9 0 -50.4166666666667 -23.5833333333333 203 124 62
"112" 7 0 -44.0833333333333 -20.4166666666667 200 125 66
"113" 6 0 -44.9166666666667 -22.5833333333333 198 122 62
"114" 6 0 -43.0833333333333 -21.5833333333333 217 120 63
"115" 2 0 -43.0833333333333 -19.9166666666667 205 116 62
"116" 7 0 -41.75 -18.25 232 119 66
"117" 4 0 -41.0833333333333 -18.75 228 113 67
"118" 9 0 -48.75 -24.9166666666667 180 95 52
"119" 7 0 -47.9166666666667 -24.5833333333333 221 93 51
"120" 3 0 -40.9166666666667 -19.9166666666667 227 110 65
"121" 7 0 -45.9166666666667 -21.25 206 130 66
"122" 8 0 -51.0833333333333 -25.4166666666667 172 114 59
"123" 5 0 -45.9166666666667 -22.9166666666667 170 110 62
"124" 8 0 -47.25 -22.4166666666667 201 118 64
"125" 8 0 -45.9166666666667 -20.5833333333333 197 130 67
"126" 8 0 -46.75 -22.0833333333333 197 123 65
"127" 4 0 -42.25 -22.9166666666667 230 69 56
"128" 3 0 -48.75 -23.5833333333333 199 118 62
"129" 1 0 -48.4166666666667 -24.5833333333333 212 98 52
"130" 6 0 -48.5833333333333 -21.75 215 121 65
"131" 9 0 -41.9166666666667 -22.75 229 68 56
"132" 1 0 -42.9166666666667 -21.4166666666667 212 120 63
"133" 2 0 -42.0833333333333 -18.75 231 118 65
"134" 3 0 -42.9166666666667 -21.9166666666667 209 116 61
"135" 2 0 -48.75 -22.0833333333333 213 123 64
"136" 1 0 -43.0833333333333 -19.25 213 121 64
"137" 9 0 -47.5833333333333 -21.75 210 120 65
"138" 9 0 -49.75 -25.25 175 112 58
"139" 5 0 -46.25 -22.5833333333333 155 114 64
"140" 8 0 -49.25 -25.75 164 103 55
"141" 4 0 -47.75 -23.4166666666667 195 110 61
"142" 2 0 -50.9166666666667 -23.4166666666667 208 123 63
"143" 8 0 -42.4166666666667 -20.0833333333333 220 122 64
"144" 3 0 -40.75 -21.0833333333333 239 87 61
"145" 1 0 -48.9166666666667 -27.25 193 88 49
"146" 5 0 -49.0833333333333 -26.25 172 95 52
"147" 1 0 -44.5833333333333 -22.25 154 125 64
"148" 4 0 -42.25 -19.4166666666667 227 122 65
"149" 5 0 -44.0833333333333 -22.9166666666667 203 106 60
"150" 9 0 -43.75 -21.25 188 108 64
"151" 8 0 -50.75 -24.5833333333333 181 128 61
"152" 2 0 -48.9166666666667 -23.75 195 116 61
"153" 1 0 -41.75 -21.9166666666667 225 100 58
"154" 1 0 -39.9166666666667 -19.5833333333333 243 85 60
"155" 6 0 -44.75 -20.75 195 123 68
"156" 8 0 -46.9166666666667 -22.4166666666667 200 120 64
"157" 9 0 -42.75 -22.9166666666667 226 82 56
"158" 2 0 -50.75 -23.75 178 126 64
"159" 8 0 -46.0833333333333 -23.0833333333333 184 105 61
"160" 1 0 -41.0833333333333 -21.75 232 87 58
"161" 2 0 -43.25 -19.9166666666667 202 115 62
"162" 4 0 -39.75 -18.75 241 88 63
"163" 4 0 -45.9166666666667 -23.4166666666667 181 96 58
"164" 9 0 -45.25 -21.0833333333333 206 127 66
"165" 2 0 -47.25 -24.25 211 88 53
"166" 6 0 -41.5833333333333 -19.0833333333333 241 118 65
"167" 6 0 -42.4166666666667 -21.0833333333333 221 128 62
"168" 7 0 -46.25 -21.25 201 125 66
"169" 9 0 -42.4166666666667 -21.5833333333333 225 123 62
"170" 4 0 -39.4166666666667 -17.9166666666667 243 76 62
"171" 4 0 -50.0833333333333 -26.25 168 121 56
"172" 3 0 -41.4166666666667 -17.4166666666667 228 120 68
"173" 8 0 -42.4166666666667 -22.5833333333333 230 86 58
"174" 1 0 -50.75 -24.4166666666667 183 131 61
"175" 2 0 -46.0833333333333 -23.4166666666667 184 96 58
"176" 5 0 -42.25 -20.0833333333333 205 123 65
"177" 9 0 -40.5833333333333 -19.4166666666667 240 104 66
"178" 4 0 -48.4166666666667 -23.75 195 112 59
"179" 6 0 -41.75 -18.4166666666667 234 118 66
"180" 2 0 -44.5833333333333 -20.5833333333333 203 126 67
"181" 4 0 -48.9166666666667 -23.25 207 125 65
"182" 8 0 -44.0833333333333 -22.75 198 117 60
"183" 2 0 -42.25 -22.4166666666667 208 93 59
"184" 7 0 -46.25 -22.9166666666667 170 110 62
"185" 3 0 -42.5833333333333 -21.4166666666667 230 120 63
"186" 3 0 -41.4166666666667 -22.0833333333333 232 88 57
"187" 5 0 -49.25 -22.5833333333333 206 128 65
"188" 9 0 -44.5833333333333 -21.5833333333333 185 125 66
"189" 7 0 -45.4166666666667 -23.25 177 105 60
"190" 1 0 -43.25 -21.75 201 108 61
"191" 3 0 -40.5833333333333 -18.0833333333333 236 104 68
"192" 2 0 -48.5833333333333 -22.5833333333333 207 123 64
"193" 8 0 -50.9166666666667 -25.25 179 115 58
"194" 6 0 -41.75 -19.0833333333333 239 118 65
"195" 5 0 -41.75 -20.75 196 127 65
"196" 4 0 -39.9166666666667 -17.4166666666667 243 90 67
"197" 7 0 -40.75 -19.0833333333333 238 109 68
"198" 9 0 -44.75 -22.9166666666667 158 118 62
"199" 3 0 -44.25 -22.5833333333333 206 115 61
"200" 4 0 -48.5833333333333 -24.75 203 96 51
"201" 4 0 -41.5833333333333 -20.4166666666667 198 125 65
"202" 5 0 -41.4166666666667 -22.25 231 85 56
"203" 9 0 -47.9166666666667 -24.25 217 98 53
"204" 4 0 -48.9166666666667 -26.25 207 83 49
"205" 8 0 -49.0833333333333 -27.0833333333333 182 93 51
"206" 2 0 -49.5833333333333 -22.75 208 127 64
"207" 1 0 -49.4166666666667 -22.4166666666667 207 128 64
"208" 3 0 -42.5833333333333 -19.25 222 119 65
"209" 4 0 -50.0833333333333 -22.75 211 127 64
"210" 6 0 -43.0833333333333 -21.4166666666667 220 121 63
"211" 7 0 -42.5833333333333 -21.25 224 124 63
"212" 8 0 -46.4166666666667 -23.4166666666667 180 99 59
"213" 5 0 -45.75 -22.25 194 129 65
"214" 8 0 -41.4166666666667 -21.75 235 96 58
"215" 5 0 -41.0833333333333 -19.9166666666667 233 115 65
"216" 3 0 -40.25 -20.4166666666667 247 75 58
"217" 2 0 -42.5833333333333 -19.9166666666667 233 120 63
"218" 7 0 -48.9166666666667 -22.0833333333333 213 125 64
"219" 4 0 -41.0833333333333 -18.4166666666667 220 111 66
"220" 4 0 -43.25 -22.5833333333333 215 96 57
"221" 8 0 -45.25 -22.25 167 129 65
"222" 9 0 -42.0833333333333 -17.75 205 120 67
"223" 6 0 -40.4166666666667 -18.4166666666667 238 102 68
"224" 8 0 -47.0833333333333 -23.75 169 99 58
"225" 9 0 -45.9166666666667 -20.4166666666667 206 133 65
"226" 5 0 -42.75 -19.0833333333333 219 120 64
"227" 5 0 -42.25 -18.5833333333333 214 120 66
"228" 1 0 -42.0833333333333 -21.0833333333333 219 124 62
"229" 9 0 -50.5833333333333 -23.25 207 125 64
"230" 7 0 -45.5833333333333 -22.0833333333333 196 133 66
"231" 1 0 -43.4166666666667 -19.9166666666667 204 116 63
"232" 6 0 -39.4166666666667 -17.75 244 77 63
"233" 3 0 -49.75 -26.4166666666667 163 114 56
"234" 6 0 -46.25 -21.0833333333333 194 124 67
"235" 4 0 -48.0833333333333 -25.0833333333333 223 85 49
"236" 2 0 -43.4166666666667 -22.0833333333333 209 112 60
"237" 9 0 -49.75 -25.0833333333333 184 113 58
"238" 3 0 -39.5833333333333 -17.9166666666667 243 79 63
"239" 8 0 -49.5833333333333 -23.9166666666667 202 119 61
"240" 9 0 -44.4166666666667 -20.75 191 123 67
"241" 7 0 -50.0833333333333 -23.4166666666667 207 123 62
"242" 2 0 -41.75 -21.0833333333333 218 117 64
"243" 6 0 -42.9166666666667 -19.4166666666667 197 117 63
"244" 1 0 -44.75 -23.25 209 103 59
"245" 5 0 -44.4166666666667 -21.4166666666667 194 122 65
"246" 2 0 -49.75 -23.0833333333333 209 126 63
"247" 9 0 -46.0833333333333 -21.25 203 128 66
"248" 7 0 -44.75 -20.4166666666667 205 128 68
"249" 6 0 -44.75 -23.4166666666667 220 99 57
"250" 9 0 -48.4166666666667 -21.9166666666667 213 120 65
"251" 5 0 -43.9166666666667 -20.5833333333333 198 120 65
"252" 2 0 -46.4166666666667 -21.75 190 122 65
"253" 5 0 -48.75 -22.75 200 125 65
"254" 1 0 -50.25 -24.25 176 125 61
"255" 2 0 -41.25 -17.75 233 115 68
"256" 7 0 -40.9166666666667 -22.0833333333333 230 80 55
"257" 1 0 -47.0833333333333 -23.25 182 108 61
"258" 1 0 -45.75 -21.0833333333333 204 130 66
"259" 6 0 -42.25 -19.25 238 120 67
"260" 6 0 -42.9166666666667 -22.75 232 87 56
"261" 3 0 -50.4166666666667 -25.0833333333333 182 118 59
"262" 5 0 -49.5833333333333 -22.4166666666667 206 128 64
"263" 2 0 -43.75 -20.75 194 116 64
"264" 2 0 -41.75 -21.25 232 110 62
"265" 5 0 -40.4166666666667 -19.5833333333333 244 98 64
"266" 6 0 -51.25 -25.4166666666667 162 113 60
"267" 8 0 -50.25 -22.9166666666667 216 126 63
"268" 9 0 -40.75 -18.25 237 107 68
"269" 7 0 -47.25 -21.5833333333333 207 121 66
"270" 7 0 -43.25 -22.4166666666667 178 96 58
"271" 1 0 -49.0833333333333 -24.5833333333333 198 111 55
"272" 1 0 -42.9166666666667 -20.5833333333333 206 118 62
"273" 3 0 -45.9166666666667 -23.25 191 100 59
"274" 6 0 -47.9166666666667 -21.9166666666667 199 110 65
"275" 8 0 -45.5833333333333 -23.0833333333333 193 107 60
"276" 3 0 -45.5833333333333 -21.75 199 134 66
"277" 6 0 -48.0833333333333 -24.5833333333333 222 95 52
"278" 3 0 -40.75 -20.75 238 90 60
"279" 9 0 -43.9166666666667 -21.9166666666667 186 109 62
"280" 3 0 -44.0833333333333 -21.0833333333333 196 119 66
"281" 8 0 -50.75 -25.25 176 116 58
"282" 7 0 -46.75 -22.25 194 121 64
"283" 5 0 -44.4166666666667 -22.9166666666667 197 107 60
"284" 9 0 -43.4166666666667 -21.4166666666667 203 110 62
"285" 5 0 -47.9166666666667 -21.4166666666667 214 122 66
"286" 2 0 -46.4166666666667 -22.25 190 123 66
"287" 5 0 -41.4166666666667 -17.5833333333333 230 119 68
"288" 7 0 -49.75 -22.25 203 127 64
"289" 4 0 -47.75 -22.0833333333333 194 109 64
"290" 1 0 -47.4166666666667 -24.25 211 91 53
"291" 7 0 -42.75 -22.4166666666667 197 99 59
"292" 9 0 -46.9166666666667 -23.0833333333333 185 111 62
"293" 5 0 -46.0833333333333 -20.5833333333333 202 130 66
"294" 5 0 -45.9166666666667 -21.9166666666667 192 128 66
"295" 7 0 -45.0833333333333 -21.75 195 135 66
"296" 8 0 -45.25 -23.75 198 87 55
"297" 7 0 -40.5833333333333 -17.4166666666667 239 104 68
"298" 4 0 -47.25 -21.0833333333333 205 113 67
"299" 6 0 -49.0833333333333 -26.75 198 92 51
"300" 4 0 -45.25 -22.9166666666667 189 114 61
"301" 9 0 -44.5833333333333 -22.5833333333333 204 118 62
"302" 2 0 -46.9166666666667 -23.75 171 98 59
"303" 1 0 -47.25 -23.5833333333333 174 103 59
"304" 5 0 -39.9166666666667 -18.25 241 88 65
"305" 2 0 -46.5833333333333 -22.25 189 122 65
"306" 4 0 -40.9166666666667 -21.9166666666667 230 81 56
"307" 6 0 -44.0833333333333 -20.9166666666667 195 120 66
"308" 3 0 -45.75 -22.5833333333333 176 119 63
"309" 9 0 -48.5833333333333 -24.9166666666667 198 92 50
