"group.all" "pa" "lon" "lat" "bio1" "bio2" "bio3"
"1" 3 1 -45.625861 -22.805833 147 112 62
"2" 1 1 -48.371389 -24.097778 183 106 55
"3" 2 1 -42.771683 -22.452429 197 99 59
"4" 2 1 -42.771658 -22.452442 197 99 59
"5" 1 1 -48.412102 -24.264925 176 103 54
"6" 2 1 -48.912117 -25.794992 181 89 50
"11" 1 1 -47.419722 -23.71 168 102 58
"12" 3 1 -40.072222 -19.391111 243 92 63
"14" 3 1 -50.1993 -29.48125 157 91 51
"20" 3 1 -46.144444 -22.755556 160 113 63
"21" 1 1 -46.549722 -23.110278 181 108 61
"26" 2 1 -48.34 -24 183 106 55
"27" 2 1 -48.759722 -24.22 177 107 55
"29" 1 1 -45.455556 -22.669444 170 116 62
"34" 2 1 -44.569722 -22.64 204 118 62
"40" 3 1 -45.84 -23.530278 170 94 58
"48" 1 1 -44.75 -22.56667 197 120 62
"58" 2 1 -45.83 -23.63 161 96 57
"61" 3 1 -54.83 -23.63 221 117 58
"67" 2 1 -49.378333 -26.250556 166 107 55
"68" 3 1 -48.59 -24.58 212 101 52
"69" 1 1 -48.9817 -27.8747 165 82 49
"76" 3 1 -40.58 -19.83 229 102 65
"78" 1 1 -42.98 -22.43 189 101 58
"84" 3 1 -44.65 -22.82 154 120 62
"136" 3 1 -48.611389 -27.090556 197 91 50
"140" 1 1 -50.03044 -22.4333 208 127 64
"141" 1 1 -45.59 -22.73 147 112 62
"144" 2 1 -45.58333 -22.73334 147 112 62
"145" 3 1 -44.5833 -22.6333 204 118 62
"153" 2 1 -49.25 -25.4167 171 103 57
"156" 3 1 -46.51667 -23.66667 175 93 57
"176" 1 1 -44.75 -22.5667 197 120 62
"185" 2 1 -49.2333 -26.4333 193 96 52
"190" 2 1 -49.23333 -26.43333 193 96 52
"191" 2 1 -44.58333 -22.63333 204 118 62
"192" 2 1 -46.3779 -23.767067 173 91 57
"195" 3 1 -70.76667 -8.16667 259 107 79
"198" 1 1 -40.6 -19.91667 208 100 64
"207" 1 1 -40.35 -20.31667 244 82 60
"1100" 1 0 -73.9166666666667 -11.9166666666667 247 125 82
"2100" 3 0 -75.4166666666667 -7.91666666666667 263 121 82
"310" 1 0 -53.5833333333333 -29.4166666666667 185 107 52
"410" 3 0 -53.5833333333333 -29.5833333333333 185 106 51
"510" 1 0 -74.25 -10.5833333333333 213 133 81
"610" 3 0 -47.75 -19.9166666666667 225 121 69
"7" 2 0 -72.5833333333333 -7.91666666666667 255 100 74
"8" 1 0 -49.0833333333333 -19.5833333333333 234 131 69
"9" 2 0 -47.0833333333333 -18.9166666666667 215 112 68
"10" 2 0 -54.75 -20.4166666666667 237 113 69
"1110" 1 0 -40.75 -14.25 222 96 69
"1210" 1 0 -69.75 -3.08333333333333 256 91 87
"13" 1 0 -72.25 -5.58333333333333 259 100 82
"1410" 2 0 -39.25 -15.9166666666667 238 76 66
"15" 2 0 -73.4166666666667 -10.4166666666667 257 115 79
"16" 3 0 -70.75 -4.25 259 97 85
"17" 2 0 -70.5833333333333 -4.08333333333333 258 96 85
"18" 2 0 -43.25 -22.9166666666667 224 82 56
"19" 1 0 -55.5833333333333 -27.0833333333333 211 126 55
"2010" 2 0 -48.75 -28.5833333333333 199 69 44
"2110" 3 0 -69.25 -6.08333333333333 255 105 84
"22" 3 0 -72.9166666666667 -5.58333333333333 262 101 82
"23" 2 0 -67.4166666666667 -6.58333333333333 258 102 80
"24" 1 0 -55.5833333333333 -23.75 223 115 56
"25" 3 0 -74.0833333333333 -8.25 262 110 78
"2610" 2 0 -75.4166666666667 -7.08333333333333 266 121 83
"2710" 1 0 -70.25 -3.25 258 92 85
"28" 2 0 -72.0833333333333 -12.25 189 148 78
"2910" 3 0 -71.9166666666667 -11.5833333333333 253 116 78
"30" 1 0 -48.25 -22.4166666666667 197 117 63
"31" 2 0 -71.5833333333333 -9.58333333333333 254 111 77
"32" 2 0 -69.25 -11.4166666666667 247 112 66
"33" 3 0 -50.4166666666667 -22.75 211 126 63
"341" 2 0 -39.0833333333333 -16.4166666666667 242 76 66
"35" 3 0 -42.0833333333333 -14.5833333333333 224 114 69
"36" 1 0 -40.9166666666667 -18.9166666666667 223 111 67
"37" 2 0 -48.5833333333333 -24.75 203 96 51
"38" 3 0 -66.25 -5.75 262 94 81
"39" 1 0 -59.75 -22.0833333333333 250 128 57
"401" 2 0 -56.75 -28.25 214 118 50
"41" 2 0 -49.5833333333333 -20.0833333333333 234 130 68
"42" 1 0 -48.0833333333333 -20.0833333333333 232 124 70
"43" 2 0 -55.25 -26.75 206 123 56
"44" 1 0 -54.4166666666667 -24.9166666666667 208 127 57
"45" 1 0 -57.0833333333333 -24.9166666666667 229 104 52
"46" 1 0 -44.9166666666667 -19.75 218 135 69
"47" 3 0 -68.4166666666667 -5.08333333333333 256 98 84
"481" 1 0 -43.25 -20.4166666666667 208 116 61
"49" 1 0 -51.0833333333333 -26.0833333333333 166 120 58
"50" 2 0 -68.5833333333333 -12.4166666666667 256 110 70
"51" 2 0 -72.75 -9.08333333333333 258 108 76
"52" 1 0 -43.0833333333333 -21.0833333333333 206 118 63
"53" 3 0 -72.5833333333333 -11.4166666666667 256 118 79
"54" 2 0 -52.75 -23.5833333333333 210 123 62
"55" 1 0 -48.9166666666667 -25.4166666666667 185 92 51
"56" 2 0 -57.75 -20.0833333333333 258 116 62
"57" 2 0 -66.9166666666667 -11.4166666666667 262 111 69
"581" 1 0 -48.75 -25.9166666666667 208 78 48
"59" 2 0 -47.4166666666667 -22.4166666666667 200 117 63
"60" 3 0 -44.0833333333333 -15.9166666666667 223 131 70
"611" 3 0 -72.0833333333333 -11.75 253 117 79
"62" 2 0 -56.9166666666667 -27.4166666666667 227 111 49
"63" 1 0 -55.9166666666667 -28.25 208 121 51
"64" 1 0 -58.9166666666667 -25.0833333333333 228 131 54
"65" 1 0 -43.4166666666667 -19.75 210 117 64
"66" 3 0 -55.75 -26.4166666666667 212 125 55
"671" 2 0 -49.0833333333333 -24.25 174 112 56
"681" 2 0 -71.75 -12.4166666666667 209 136 79
"691" 3 0 -55.5833333333333 -21.4166666666667 226 118 64
"70" 1 0 -71.0833333333333 -6.75 257 103 81
"71" 1 0 -56.0833333333333 -29.9166666666667 189 119 49
"72" 1 0 -69.4166666666667 -11.0833333333333 246 113 68
"73" 3 0 -75.9166666666667 -7.58333333333333 251 127 84
"74" 2 0 -71.9166666666667 -4.75 259 98 84
"75" 3 0 -41.4166666666667 -15.5833333333333 215 107 69
"761" 2 0 -56.5833333333333 -27.5833333333333 219 114 51
"77" 3 0 -53.75 -32.9166666666667 174 109 48
"781" 1 0 -50.4166666666667 -18.5833333333333 245 123 71
"79" 2 0 -59.9166666666667 -22.0833333333333 251 129 57
"80" 3 0 -42.75 -22.25 173 102 60
"81" 2 0 -50.75 -20.75 226 126 64
"82" 2 0 -56.25 -18.5833333333333 260 113 65
"83" 3 0 -56.9166666666667 -22.5833333333333 236 116 59
"841" 1 0 -41.4166666666667 -21.9166666666667 234 93 58
"85" 1 0 -57.9166666666667 -22.75 245 118 57
"86" 2 0 -55.75 -25.75 213 118 55
"87" 3 0 -43.75 -17.75 198 114 65
"88" 3 0 -68.5833333333333 -11.9166666666667 254 110 68
"89" 3 0 -44.25 -17.5833333333333 203 123 69
"90" 1 0 -66.5833333333333 -6.58333333333333 261 100 80
"91" 1 0 -54.4166666666667 -25.5833333333333 208 131 56
"92" 3 0 -49.9166666666667 -20.0833333333333 235 129 67
"93" 1 0 -58.75 -25.9166666666667 220 133 53
"94" 3 0 -51.25 -22.4166666666667 219 126 64
"95" 1 0 -48.4166666666667 -27.4166666666667 200 73 47
"96" 2 0 -49.9166666666667 -27.4166666666667 174 106 53
"97" 3 0 -49.9166666666667 -26.75 179 112 54
"98" 3 0 -59.0833333333333 -24.4166666666667 231 131 55
"99" 3 0 -75.9166666666667 -8.08333333333333 225 133 84
"100" 1 0 -50.9166666666667 -18.4166666666667 239 120 72
"101" 3 0 -51.75 -18.5833333333333 238 120 71
"102" 3 0 -60.0833333333333 -22.75 244 131 56
"103" 3 0 -59.25 -24.25 231 132 55
"104" 2 0 -53.0833333333333 -22.75 222 129 65
"105" 2 0 -56.0833333333333 -21.5833333333333 236 117 61
"106" 1 0 -49.0833333333333 -21.5833333333333 220 125 65
"107" 3 0 -59.5833333333333 -20.9166666666667 252 128 60
"108" 2 0 -48.0833333333333 -21.9166666666667 203 113 64
"109" 3 0 -38.9166666666667 -15.25 244 70 64
"110" 3 0 -51.0833333333333 -21.9166666666667 223 125 63
"111" 1 0 -45.25 -21.75 198 136 66
"112" 3 0 -72.0833333333333 -5.25 259 99 83
"113" 3 0 -51.0833333333333 -25.4166666666667 172 114 59
"114" 2 0 -52.25 -18.0833333333333 238 121 70
"115" 3 0 -71.25 -12.4166666666667 249 108 78
"116" 3 0 -66.9166666666667 -4.75 261 89 80
"117" 3 0 -56.5833333333333 -22.4166666666667 236 116 59
"118" 2 0 -70.75 -2.91666666666667 259 91 86
"119" 1 0 -72.9166666666667 -7.91666666666667 255 101 74
"120" 1 0 -47.0833333333333 -19.0833333333333 214 114 68
"121" 2 0 -41.5833333333333 -22.0833333333333 231 91 57
"122" 3 0 -54.25 -27.4166666666667 204 125 55
"123" 1 0 -69.25 -7.91666666666667 253 115 81
"124" 1 0 -54.0833333333333 -22.5833333333333 229 119 64
"125" 1 0 -56.0833333333333 -21.0833333333333 239 119 63
"126" 1 0 -55.25 -21.25 229 117 66
"127" 1 0 -48.0833333333333 -23.4166666666667 191 113 61
"128" 3 0 -55.4166666666667 -18.9166666666667 259 120 65
"129" 3 0 -66.25 -9.08333333333333 259 108 77
"130" 2 0 -48.5833333333333 -26.0833333333333 211 74 48
"131" 3 0 -40.75 -19.5833333333333 242 108 65
"132" 2 0 -73.9166666666667 -10.25 262 113 81
"133" 1 0 -50.25 -18.75 247 124 72
"134" 3 0 -68.4166666666667 -6.75 257 106 81
"135" 1 0 -57.9166666666667 -21.75 250 114 57
"1361" 1 0 -55.75 -27.5833333333333 209 123 53
"137" 2 0 -67.25 -9.08333333333333 258 111 78
"138" 1 0 -41.75 -16.25 216 120 67
"139" 2 0 -75.25 -6.58333333333333 268 116 82
"1401" 2 0 -68.4166666666667 -9.25 248 122 79
"1411" 3 0 -44.25 -22.5833333333333 206 115 61
"142" 3 0 -52.4166666666667 -27.5833333333333 180 108 56
"143" 1 0 -75.25 -6.75 268 117 82
"1441" 1 0 -57.0833333333333 -27.9166666666667 220 119 51
"1451" 1 0 -42.25 -15.4166666666667 208 116 71
"146" 2 0 -50.9166666666667 -29.4166666666667 168 94 51
"147" 3 0 -56.25 -26.25 212 116 53
"148" 3 0 -47.5833333333333 -19.0833333333333 208 115 69
"149" 1 0 -51.9166666666667 -22.75 217 125 64
"150" 3 0 -53.0833333333333 -23.0833333333333 218 131 64
"151" 1 0 -55.25 -22.5833333333333 223 118 60
"152" 1 0 -43.5833333333333 -16.25 228 130 70
"1531" 2 0 -73.0833333333333 -10.9166666666667 259 116 80
"154" 2 0 -69.0833333333333 -12.0833333333333 250 112 70
"155" 3 0 -56.75 -25.75 220 109 53
"1561" 1 0 -41.75 -18.4166666666667 234 118 66
"157" 2 0 -50.75 -25.9166666666667 168 121 57
"158" 2 0 -56.4166666666667 -20.75 238 118 63
"159" 3 0 -71.0833333333333 -12.25 250 108 77
"160" 3 0 -69.25 -9.08333333333333 248 121 78
"161" 2 0 -75.4166666666667 -6.91666666666667 264 121 83
"162" 2 0 -40.9166666666667 -17.75 239 110 68
"163" 1 0 -44.75 -19.5833333333333 215 133 70
"164" 3 0 -49.0833333333333 -22.4166666666667 207 127 65
"165" 1 0 -43.0833333333333 -18.75 202 122 64
"166" 1 0 -67.5833333333333 -4.41666666666667 258 92 83
"167" 2 0 -57.5833333333333 -21.5833333333333 247 115 59
"168" 3 0 -43.0833333333333 -15.25 240 113 74
"169" 2 0 -52.9166666666667 -18.0833333333333 224 124 70
"170" 2 0 -51.75 -26.75 153 123 58
"171" 1 0 -55.9166666666667 -18.5833333333333 259 116 65
"172" 2 0 -49.0833333333333 -22.5833333333333 204 128 65
"173" 3 0 -66.0833333333333 -9.25 259 107 75
"174" 1 0 -58.0833333333333 -25.75 225 120 53
"175" 3 0 -67.5833333333333 -11.4166666666667 260 108 69
"1761" 1 0 -55.75 -31.5833333333333 180 121 48
"177" 1 0 -44.75 -16.9166666666667 228 142 68
"178" 2 0 -55.25 -25.0833333333333 217 114 54
"179" 3 0 -68.75 -6.08333333333333 255 104 83
"180" 3 0 -72.5833333333333 -7.58333333333333 254 98 74
"181" 1 0 -45.0833333333333 -18.25 222 130 69
"182" 1 0 -40.5833333333333 -20.25 214 95 62
"183" 1 0 -48.4166666666667 -23.4166666666667 198 117 62
"184" 3 0 -49.4166666666667 -20.75 227 127 68
"1851" 2 0 -60.4166666666667 -24.4166666666667 227 135 55
"186" 2 0 -41.75 -18.25 232 119 66
"187" 2 0 -69.4166666666667 -6.25 255 106 84
"188" 3 0 -71.4166666666667 -5.75 258 101 84
"189" 3 0 -71.0833333333333 -11.5833333333333 246 114 76
"1901" 1 0 -56.25 -28.0833333333333 212 119 51
"1911" 2 0 -68.25 -4.75 257 96 84
"1921" 2 0 -41.75 -17.5833333333333 218 122 68
"193" 2 0 -40.25 -16.75 225 101 68
"194" 3 0 -40.0833333333333 -20.0833333333333 246 82 60
"1951" 2 0 -49.25 -23.0833333333333 201 127 65
"196" 3 0 -72.0833333333333 -8.25 256 103 76
"197" 1 0 -69.0833333333333 -4.75 255 99 86
"1981" 1 0 -55.4166666666667 -26.0833333333333 205 128 56
"199" 1 0 -49.75 -18.4166666666667 243 125 69
"200" 2 0 -68.5833333333333 -4.41666666666667 255 95 84
"201" 2 0 -67.5833333333333 -6.41666666666667 258 102 81
"202" 3 0 -55.0833333333333 -31.4166666666667 179 120 50
"203" 3 0 -57.5833333333333 -27.25 223 114 50
"204" 2 0 -69.5833333333333 -4.91666666666667 256 102 86
"205" 3 0 -47.9166666666667 -23.0833333333333 203 115 62
"206" 2 0 -52.0833333333333 -25.4166666666667 180 120 59
"2071" 1 0 -70.75 -5.25 258 101 84
"208" 1 0 -45.0833333333333 -23.4166666666667 206 98 56
"209" 3 0 -40.0833333333333 -16.4166666666667 219 98 67
"210" 2 0 -71.5833333333333 -3.58333333333333 260 94 85
"211" 2 0 -52.9166666666667 -24.9166666666667 189 125 60
"212" 3 0 -57.0833333333333 -20.25 251 114 63
"213" 3 0 -59.4166666666667 -23.5833333333333 234 132 57
"214" 2 0 -55.25 -30.0833333333333 186 116 50
"215" 3 0 -58.9166666666667 -27.0833333333333 217 115 50
"216" 3 0 -46.4166666666667 -22.0833333333333 181 122 65
"217" 2 0 -48.9166666666667 -19.75 233 131 69
"218" 2 0 -56.5833333333333 -20.0833333333333 251 115 64
"219" 1 0 -54.75 -31.4166666666667 180 118 51
"220" 3 0 -69.5833333333333 -3.25 256 92 86
"221" 3 0 -48.9166666666667 -20.25 238 130 68
"222" 1 0 -68.9166666666667 -7.08333333333333 255 109 81
"223" 2 0 -73.5833333333333 -6.08333333333333 265 104 81
"224" 1 0 -69.75 -10.5833333333333 248 114 72
"225" 2 0 -58.4166666666667 -26.5833333333333 221 115 50
"226" 2 0 -68.9166666666667 -11.4166666666667 250 109 66
"227" 1 0 -57.9166666666667 -24.75 231 118 54
"228" 3 0 -52.75 -21.75 232 122 66
"229" 1 0 -39.9166666666667 -19.25 242 89 62
"230" 3 0 -42.5833333333333 -22.4166666666667 182 99 60
"231" 3 0 -41.4166666666667 -15.75 210 107 69
"232" 3 0 -49.4166666666667 -17.25 234 121 67
"233" 1 0 -52.9166666666667 -31.25 176 100 49
"234" 2 0 -70.4166666666667 -11.0833333333333 246 115 73
"235" 1 0 -41.75 -20.25 201 127 65
"236" 2 0 -69.75 -5.75 255 104 84
"237" 1 0 -68.9166666666667 -6.08333333333333 256 104 83
"238" 3 0 -50.25 -28.5833333333333 152 97 53
"239" 3 0 -55.5833333333333 -22.75 216 122 62
"240" 2 0 -68.5833333333333 -11.75 253 109 68
"241" 3 0 -54.75 -32.9166666666667 167 123 49
"242" 2 0 -75.9166666666667 -7.08333333333333 260 127 85
"243" 1 0 -41.9166666666667 -18.4166666666667 234 119 66
"244" 2 0 -55.25 -23.4166666666667 219 118 59
"245" 1 0 -73.25 -6.08333333333333 263 103 81
"246" 1 0 -59.75 -21.5833333333333 252 127 58
"247" 3 0 -70.75 -3.41666666666667 258 93 86
"248" 1 0 -48.4166666666667 -21.0833333333333 219 121 67
"249" 1 0 -72.9166666666667 -8.41666666666667 257 105 75
"250" 2 0 -49.75 -21.75 214 127 64
"251" 2 0 -51.75 -19.4166666666667 231 123 70
"252" 1 0 -56.4166666666667 -26.75 219 113 50
"253" 2 0 -51.9166666666667 -29.75 197 95 48
"254" 1 0 -54.9166666666667 -23.4166666666667 222 118 59
"255" 1 0 -44.4166666666667 -17.25 227 135 68
"256" 2 0 -57.0833333333333 -21.5833333333333 237 115 60
"257" 2 0 -52.5833333333333 -21.5833333333333 231 122 66
"258" 3 0 -51.25 -25.9166666666667 163 117 58
"259" 3 0 -60.25 -22.9166666666667 241 132 56
"260" 3 0 -42.4166666666667 -15.4166666666667 207 116 72
"261" 3 0 -39.5833333333333 -17.25 245 84 66
"262" 1 0 -55.25 -21.4166666666667 232 117 64
"263" 1 0 -58.0833333333333 -24.5833333333333 231 121 55
"264" 1 0 -48.5833333333333 -18.9166666666667 220 128 68
"265" 2 0 -54.5833333333333 -22.0833333333333 235 117 62
"266" 3 0 -53.25 -26.25 173 135 60
"267" 1 0 -71.75 -5.08333333333333 259 99 83
"268" 2 0 -41.75 -15.9166666666667 206 114 69
"269" 1 0 -48.75 -24.4166666666667 174 105 54
"270" 3 0 -52.5833333333333 -23.75 206 120 62
"271" 1 0 -71.0833333333333 -13.4166666666667 84 165 71
"272" 3 0 -45.5833333333333 -20.75 206 131 67
"273" 3 0 -48.0833333333333 -17.9166666666667 238 135 69
"274" 2 0 -74.25 -6.91666666666667 264 110 79
"275" 3 0 -50.4166666666667 -29.0833333333333 155 97 53
"276" 2 0 -56.9166666666667 -25.75 218 109 53
"277" 1 0 -71.75 -3.91666666666667 260 95 84
"278" 2 0 -70.25 -13.25 234 100 75
"279" 3 0 -70.25 -10.0833333333333 250 115 75
"280" 2 0 -69.9166666666667 -10.9166666666667 246 115 71
"281" 1 0 -43.25 -16.0833333333333 218 127 70
"282" 3 0 -72.25 -12.25 188 149 78
"283" 3 0 -49.9166666666667 -22.25 206 127 64
"284" 2 0 -47.4166666666667 -22.0833333333333 203 117 63
"285" 2 0 -48.4166666666667 -24.4166666666667 193 101 53
"286" 3 0 -69.0833333333333 -6.75 256 108 83
"287" 3 0 -73.0833333333333 -4.41666666666667 262 96 83
"288" 3 0 -59.25 -22.9166666666667 240 129 57
"289" 2 0 -52.25 -23.25 198 124 64
"290" 2 0 -51.9166666666667 -30.0833333333333 193 94 48
"291" 2 0 -71.9166666666667 -7.75 256 101 76
"292" 3 0 -53.0833333333333 -24.4166666666667 207 123 59
"293" 1 0 -49.9166666666667 -27.75 160 103 53
"294" 1 0 -50.4166666666667 -26.4166666666667 167 123 56
"295" 2 0 -55.0833333333333 -29.4166666666667 187 117 51
"296" 1 0 -65.5833333333333 -8.25 262 104 77
"297" 2 0 -73.25 -5.91666666666667 263 102 80
"298" 2 0 -50.0833333333333 -23.4166666666667 207 123 62
"299" 1 0 -51.4166666666667 -22.75 220 125 63
"300" 3 0 -66.25 -10.0833333333333 263 109 73
