"group.all" "pa" "lon" "lat" "bio1" "bio2" "bio3"
"1" 3 1 -43.2169444 -22.4058333 178 96 58
"2" 1 1 -49.4463889 -20.8197223 227 127 68
"3" 2 1 -44.5666667 -22.25 154 125 64
"4" 1 1 -42.8586111 -22.0716667 200 111 60
"5" 1 1 -42.3675 -22.3722222 192 97 59
"6" 3 1 -43.0133333 -22.4891666 173 97 58
"7" 3 1 -42.4833334 -22.3833334 192 97 59
"8" 2 1 -42.4302778 -22.4019444 192 97 59
"9" 3 1 -43.9944444 -22.2627778 197 111 60
"10" 2 1 -42.4136111 -22.4011111 192 97 59
"11" 1 1 -42.4833333 -22.3833333 192 97 59
"12" 2 1 -42.4302778 -22.4019444 192 97 59
"13" 1 0 -49.25 -21.4166666666667 221 126 65
"14" 3 0 -41.25 -22.25 231 83 56
"15" 1 0 -45.9166666666667 -21.9166666666667 192 128 66
"16" 3 0 -42.75 -20.5833333333333 206 121 63
"17" 1 0 -43.0833333333333 -20.9166666666667 202 117 62
"18" 3 0 -42.75 -22.5833333333333 229 92 57
"19" 2 0 -48.75 -22.0833333333333 213 123 64
"20" 1 0 -48.4166666666667 -21.0833333333333 219 121 67
"21" 2 0 -49.0833333333333 -19.4166666666667 234 131 69
"22" 2 0 -44.5833333333333 -23.25 224 99 58
"23" 1 0 -42.9166666666667 -21.4166666666667 212 120 63
"24" 1 0 -48.5833333333333 -21.9166666666667 216 122 64
"25" 1 0 -44.75 -21.9166666666667 178 132 66
"26" 2 0 -44.75 -23.25 209 103 59
"27" 2 0 -42.5833333333333 -22.25 175 102 59
"28" 3 0 -49.0833333333333 -21.75 220 126 65
"29" 2 0 -48.9166666666667 -21.0833333333333 225 124 69
"30" 2 0 -42.5833333333333 -20.5833333333333 199 125 64
"31" 1 0 -42.25 -20.75 193 132 65
"32" 2 0 -48.9166666666667 -20.0833333333333 239 131 68
"33" 3 0 -50.9166666666667 -20.4166666666667 227 127 65
"34" 3 0 -42.25 -21.9166666666667 219 113 62
"35" 2 0 -44.9166666666667 -21.9166666666667 188 137 66
"36" 1 0 -42.5833333333333 -20.75 193 126 64
"37" 3 0 -49.4166666666667 -19.75 237 130 68
"38" 2 0 -48.75 -21.5833333333333 219 123 66
"39" 1 0 -48.25 -21.25 219 121 67
"40" 2 0 -50.4166666666667 -21.25 222 127 65
"41" 3 0 -49.25 -22.25 210 127 64
"42" 1 0 -50.0833333333333 -20.9166666666667 227 127 66
"43" 2 0 -41.5833333333333 -22.25 230 87 58
"44" 2 0 -50.0833333333333 -20.0833333333333 233 128 68
"45" 3 0 -44.25 -22.4166666666667 208 115 61
"46" 2 0 -46.0833333333333 -21.9166666666667 179 124 66
"47" 3 0 -43.9166666666667 -21.25 193 113 66
"48" 1 0 -44.0833333333333 -22.4166666666667 205 113 61
"49" 2 0 -50.5833333333333 -20.75 226 127 65
"50" 3 0 -42.4166666666667 -22.9166666666667 230 74 56
"51" 1 0 -50.5833333333333 -21.0833333333333 226 127 65
"52" 2 0 -43.4166666666667 -23.0833333333333 233 84 56
"53" 2 0 -44.5833333333333 -21.25 196 123 67
"54" 1 0 -48.0833333333333 -20.25 231 122 69
"55" 2 0 -48.9166666666667 -19.5833333333333 230 130 69
"56" 1 0 -43.9166666666667 -20.75 195 118 65
"57" 1 0 -44.4166666666667 -22.0833333333333 169 123 64
"58" 1 0 -44.25 -20.9166666666667 195 122 66
"59" 3 0 -45.25 -22.75 198 118 62
"60" 1 0 -49.25 -20.75 227 127 68
"61" 1 0 -43.5833333333333 -20.75 205 116 63
"62" 2 0 -50.0833333333333 -21.4166666666667 220 127 64
"63" 2 0 -43.4166666666667 -21.5833333333333 202 108 62
"64" 1 0 -49.4166666666667 -21.25 224 126 66
"65" 3 0 -44.75 -23.0833333333333 182 110 61
"66" 2 0 -48.0833333333333 -20.4166666666667 227 119 68
"67" 1 0 -44.9166666666667 -22.75 183 120 62
"68" 2 0 -49.9166666666667 -20.5833333333333 229 128 68
"69" 2 0 -44.5833333333333 -22.0833333333333 161 126 65
"70" 1 0 -50.4166666666667 -20.5833333333333 226 127 66
"71" 2 0 -48.9166666666667 -21.9166666666667 217 124 64
"72" 3 0 -44.9166666666667 -21.75 186 133 67
"73" 3 0 -44.0833333333333 -22.5833333333333 205 114 60
"74" 2 0 -42.0833333333333 -22.0833333333333 194 101 60
"75" 1 0 -42.9166666666667 -21.0833333333333 223 124 62
"76" 1 0 -44.9166666666667 -20.9166666666667 195 122 68
"77" 1 0 -50.0833333333333 -20.75 226 128 67
"78" 3 0 -47.9166666666667 -20.4166666666667 227 117 68
"79" 2 0 -45.5833333333333 -22.0833333333333 196 133 66
"80" 2 0 -43.75 -21.0833333333333 187 111 65
"81" 3 0 -42.9166666666667 -21.75 204 118 62
"82" 1 0 -41.0833333333333 -21.5833333333333 231 89 60
"83" 1 0 -42.4166666666667 -21.4166666666667 228 123 62
"84" 1 0 -43.75 -21.75 198 107 62
"85" 3 0 -44.75 -22.5833333333333 197 120 62
"86" 2 0 -42.75 -21.5833333333333 220 121 63
"87" 3 0 -45.25 -21.75 198 136 66
"88" 2 0 -42.5833333333333 -21.9166666666667 217 119 62
"89" 3 0 -43.75 -22.5833333333333 215 106 61
"90" 1 0 -50.25 -19.75 235 128 69
"91" 2 0 -41.5833333333333 -21.9166666666667 232 96 57
"92" 3 0 -48.5833333333333 -20.5833333333333 227 125 68
"93" 2 0 -44.0833333333333 -21.25 195 117 65
"94" 2 0 -45.4166666666667 -23.25 177 105 60
"95" 3 0 -42.0833333333333 -20.9166666666667 213 127 63
"96" 1 0 -50.5833333333333 -21.4166666666667 218 126 64
"97" 1 0 -45.0833333333333 -22.4166666666667 158 127 64
"98" 2 0 -44.5833333333333 -20.75 193 123 67
"99" 3 0 -50.75 -20.9166666666667 227 126 64
"100" 3 0 -41.4166666666667 -21.75 235 96 58
"101" 3 0 -48.75 -20.0833333333333 238 130 69
"102" 1 0 -50.5833333333333 -20.5833333333333 226 127 65
"103" 1 0 -42.25 -21.25 220 126 62
"104" 3 0 -46.0833333333333 -22.75 160 113 63
"105" 1 0 -44.4166666666667 -20.75 191 123 67
"106" 3 0 -44.0833333333333 -23.0833333333333 225 95 59
"107" 1 0 -49.25 -21.25 224 126 67
"108" 2 0 -43.25 -20.9166666666667 203 115 62
"109" 3 0 -44.5833333333333 -21.75 186 127 66
"110" 3 0 -44.0833333333333 -21.5833333333333 188 114 64
"111" 3 0 -50.25 -20.9166666666667 227 127 65
"112" 1 0 -43.9166666666667 -21.9166666666667 186 109 62
"113" 3 0 -49.4166666666667 -22.25 209 128 65
"114" 3 0 -50.25 -21.5833333333333 215 127 64
"115" 3 0 -45.4166666666667 -21.4166666666667 198 132 66
"116" 2 0 -45.0833333333333 -23.4166666666667 206 98 56
"117" 2 0 -49.0833333333333 -20.5833333333333 231 128 68
"118" 1 0 -45.4166666666667 -22.75 170 116 62
"119" 3 0 -43.0833333333333 -22.0833333333333 216 114 60
"120" 2 0 -43.5833333333333 -22.4166666666667 203 106 61
"121" 3 0 -41.4166666666667 -21.9166666666667 234 93 58
"122" 3 0 -45.9166666666667 -22.9166666666667 170 110 62
"123" 1 0 -44.25 -21.5833333333333 189 119 65
"124" 3 0 -44.0833333333333 -20.75 199 121 65
"125" 3 0 -49.4166666666667 -20.5833333333333 230 128 68
"126" 2 0 -48.4166666666667 -20.9166666666667 223 122 68
"127" 3 0 -42.5833333333333 -22.75 225 84 57
"128" 3 0 -49.0833333333333 -19.5833333333333 234 131 69
"129" 3 0 -44.9166666666667 -22.4166666666667 161 128 64
"130" 2 0 -48.0833333333333 -21.25 219 123 67
"131" 1 0 -50.25 -20.75 226 127 66
"132" 1 0 -42.5833333333333 -22.0833333333333 194 110 60
"133" 2 0 -45.5833333333333 -22.4166666666667 192 128 64
"134" 3 0 -42.4166666666667 -22.0833333333333 199 109 60
"135" 1 0 -49.75 -22.25 203 127 64
"136" 1 0 -50.5833333333333 -21.75 218 127 64
"137" 1 0 -45.75 -21.75 202 132 66
"138" 1 0 -43.5833333333333 -23.0833333333333 232 88 57
"139" 1 0 -49.5833333333333 -21.25 225 127 66
"140" 3 0 -50.0833333333333 -19.75 238 128 68
"141" 3 0 -47.9166666666667 -21.0833333333333 219 122 67
"142" 2 0 -50.4166666666667 -21.4166666666667 218 127 64
"143" 3 0 -42.75 -21.9166666666667 220 120 62
"144" 2 0 -48.5833333333333 -21.5833333333333 217 122 66
"145" 1 0 -41.25 -22.0833333333333 231 85 57
"146" 3 0 -42.4166666666667 -20.75 183 128 65
"147" 1 0 -41.75 -21.25 232 110 62
"148" 1 0 -48.25 -19.9166666666667 231 126 70
"149" 2 0 -49.75 -22.0833333333333 209 127 64
"150" 1 0 -48.5833333333333 -19.75 231 129 70
"151" 2 0 -47.9166666666667 -20.5833333333333 219 113 67
"152" 2 0 -44.75 -22.9166666666667 158 118 62
"153" 3 0 -44.25 -22.5833333333333 206 115 61
"154" 3 0 -49.9166666666667 -20.9166666666667 226 128 67
"155" 1 0 -44.5833333333333 -21.0833333333333 197 124 68
"156" 1 0 -45.0833333333333 -23.25 157 109 60
"157" 1 0 -42.75 -22.4166666666667 197 99 59
"158" 2 0 -50.0833333333333 -21.75 215 127 64
"159" 3 0 -45.9166666666667 -21.4166666666667 204 130 65
"160" 3 0 -42.25 -21.5833333333333 226 121 61
"161" 1 0 -46.0833333333333 -22.4166666666667 175 120 65
"162" 3 0 -42.75 -21.75 214 121 62
"163" 1 0 -42.4166666666667 -21.9166666666667 210 116 62
"164" 1 0 -49.75 -20.75 227 128 68
"165" 2 0 -45.25 -21.25 202 127 66
"166" 2 0 -49.0833333333333 -21.0833333333333 225 125 69
"167" 3 0 -49.25 -20.5833333333333 230 128 68
"168" 1 0 -44.4166666666667 -21.25 195 123 66
"169" 2 0 -48.5833333333333 -20.4166666666667 232 126 68
"170" 2 0 -43.75 -22.75 232 98 60
"171" 3 0 -40.9166666666667 -21.9166666666667 230 81 56
"172" 3 0 -49.4166666666667 -19.5833333333333 238 130 69
"173" 2 0 -48.4166666666667 -20.5833333333333 230 124 68
"174" 2 0 -45.25 -21.9166666666667 194 137 67
"175" 1 0 -48.0833333333333 -20.5833333333333 222 117 68
"176" 3 0 -43.9166666666667 -20.9166666666667 192 116 65
"177" 1 0 -41.9166666666667 -21.4166666666667 222 115 61
"178" 1 0 -43.4166666666667 -21.4166666666667 203 110 62
"179" 2 0 -50.5833333333333 -20.4166666666667 227 127 65
"180" 3 0 -50.0833333333333 -19.4166666666667 240 127 70
"181" 2 0 -50.75 -20.5833333333333 227 127 65
"182" 2 0 -48.75 -21.4166666666667 222 123 67
"183" 1 0 -41.9166666666667 -20.9166666666667 205 126 64
"184" 2 0 -49.75 -19.4166666666667 237 128 69
"185" 3 0 -49.5833333333333 -22.25 203 128 65
"186" 1 0 -43.0833333333333 -21.75 206 116 62
"187" 3 0 -41.4166666666667 -21.4166666666667 232 100 60
"188" 1 0 -49.0833333333333 -21.4166666666667 221 125 66
"189" 1 0 -45.0833333333333 -22.75 198 118 62
"190" 2 0 -43.0833333333333 -21.0833333333333 206 118 63
"191" 3 0 -50.25 -19.9166666666667 235 128 68
"192" 3 0 -43.25 -22.75 231 87 56
"193" 1 0 -50.25 -19.5833333333333 236 127 69
"194" 1 0 -41.0833333333333 -21.75 232 87 58
"195" 1 0 -49.75 -20.25 232 129 67
"196" 3 0 -42.75 -21.0833333333333 219 125 62
"197" 2 0 -45.5833333333333 -21.0833333333333 204 130 66
"198" 2 0 -45.25 -22.9166666666667 189 114 61
"199" 2 0 -49.9166666666667 -20.4166666666667 228 128 68
"200" 3 0 -44.0833333333333 -21.9166666666667 178 113 63
"201" 3 0 -50.0833333333333 -20.4166666666667 228 128 68
"202" 1 0 -41.5833333333333 -21.75 228 100 58
"203" 2 0 -44.75 -21.5833333333333 187 128 67
"204" 2 0 -44.25 -21.25 194 121 65
"205" 2 0 -50.25 -21.75 217 127 64
"206" 3 0 -45.4166666666667 -21.0833333333333 204 129 66
"207" 2 0 -45.5833333333333 -22.25 190 131 65
"208" 3 0 -49.5833333333333 -19.5833333333333 238 129 68
"209" 1 0 -50.25 -20.0833333333333 230 128 68
"210" 1 0 -49.4166666666667 -22.0833333333333 209 127 64
"211" 1 0 -42.25 -21.0833333333333 220 127 61
"212" 2 0 -43.0833333333333 -21.5833333333333 217 120 63
"213" 2 0 -44.25 -23.0833333333333 222 97 59
"214" 3 0 -50.4166666666667 -20.0833333333333 228 128 68
"215" 3 0 -42.25 -22.75 230 75 57
"216" 2 0 -43.25 -21.0833333333333 202 115 63
"217" 3 0 -44.75 -22.4166666666667 153 125 64
"218" 2 0 -44.5833333333333 -23.0833333333333 221 101 59
"219" 1 0 -50.25 -21.25 223 127 64
"220" 1 0 -45.4166666666667 -23.0833333333333 185 109 60
"221" 3 0 -45.25 -23.0833333333333 173 111 60
"222" 2 0 -45.5833333333333 -22.9166666666667 195 111 61
"223" 2 0 -45.4166666666667 -22.5833333333333 158 119 62
"224" 3 0 -48.4166666666667 -20.4166666666667 232 125 68
"225" 3 0 -45.25 -23.25 170 107 60
"226" 2 0 -49.9166666666667 -21.25 225 127 65
"227" 3 0 -43.4166666666667 -21.9166666666667 208 113 61
"228" 3 0 -44.4166666666667 -22.4166666666667 212 118 62
"229" 2 0 -42.5833333333333 -21.25 224 124 63
"230" 2 0 -49.75 -19.5833333333333 238 129 69
"231" 1 0 -49.0833333333333 -20.4166666666667 233 129 68
"232" 3 0 -42.75 -21.25 217 123 63
"233" 3 0 -42.5833333333333 -21.5833333333333 219 123 63
"234" 1 0 -49.4166666666667 -20.0833333333333 237 130 68
"235" 2 0 -45.0833333333333 -22.25 186 135 65
"236" 1 0 -43.0833333333333 -20.5833333333333 206 116 61
"237" 2 0 -50.75 -19.9166666666667 234 128 69
"238" 2 0 -45.25 -22.0833333333333 189 136 66
"239" 1 0 -45.0833333333333 -22.9166666666667 177 116 61
"240" 3 0 -43.4166666666667 -21.0833333333333 202 113 63
"241" 1 0 -42.0833333333333 -21.75 227 115 60
"242" 3 0 -48.75 -20.25 235 129 68
"243" 3 0 -43.25 -23.0833333333333 228 80 55
"244" 3 0 -44.9166666666667 -22.25 183 134 64
"245" 1 0 -43.9166666666667 -22.0833333333333 195 111 62
"246" 2 0 -47.9166666666667 -21.25 212 122 67
"247" 1 0 -43.9166666666667 -23.0833333333333 231 89 58
"248" 2 0 -41.5833333333333 -21.5833333333333 229 103 59
"249" 1 0 -50.0833333333333 -20.5833333333333 228 128 67
"250" 3 0 -45.25 -21.5833333333333 196 133 66
"251" 3 0 -42.5833333333333 -21.0833333333333 204 126 63
"252" 2 0 -45.9166666666667 -23.0833333333333 190 105 60
"253" 3 0 -50.75 -20.25 226 127 66
"254" 2 0 -50.0833333333333 -19.9166666666667 237 129 68
"255" 1 0 -43.5833333333333 -22.25 207 108 61
"256" 2 0 -48.9166666666667 -21.5833333333333 220 124 66
"257" 1 0 -41.4166666666667 -22.25 231 85 56
"258" 1 0 -45.9166666666667 -22.5833333333333 174 118 64
"259" 3 0 -44.9166666666667 -22.5833333333333 198 122 62
"260" 1 0 -45.9166666666667 -22.25 197 127 66
"261" 1 0 -48.4166666666667 -19.9166666666667 235 129 70
"262" 2 0 -45.4166666666667 -21.25 202 131 66
"263" 2 0 -49.4166666666667 -21.4166666666667 222 127 66
"264" 1 0 -44.5833333333333 -22.9166666666667 182 114 61
"265" 2 0 -42.0833333333333 -22.25 203 96 59
"266" 1 0 -45.25 -22.4166666666667 159 125 64
"267" 1 0 -49.25 -22.0833333333333 213 127 64
"268" 2 0 -48.25 -20.4166666666667 229 123 69
"269" 2 0 -48.5833333333333 -21.4166666666667 219 122 67
"270" 3 0 -46.0833333333333 -22.0833333333333 181 124 66
"271" 3 0 -47.9166666666667 -20.75 218 115 68
"272" 3 0 -48.4166666666667 -21.9166666666667 213 120 65
"273" 3 0 -44.0833333333333 -21.0833333333333 196 119 66
"274" 1 0 -44.4166666666667 -23.0833333333333 231 89 57
"275" 1 0 -50.0833333333333 -21.25 225 127 65
"276" 1 0 -44.4166666666667 -21.0833333333333 198 123 66
"277" 2 0 -45.4166666666667 -21.75 199 135 66
"278" 3 0 -43.0833333333333 -22.75 231 87 55
"279" 1 0 -44.5833333333333 -22.75 154 120 62
"280" 2 0 -50.4166666666667 -19.9166666666667 232 128 69
"281" 1 0 -42.0833333333333 -22.75 230 71 57
"282" 3 0 -43.5833333333333 -22.5833333333333 216 103 60
"283" 1 0 -45.75 -21.9166666666667 200 132 66
"284" 3 0 -48.75 -20.4166666666667 232 127 68
"285" 3 0 -41.9166666666667 -22.4166666666667 229 85 59
"286" 2 0 -49.4166666666667 -21.9166666666667 212 127 64
"287" 3 0 -45.4166666666667 -22.25 181 131 65
"288" 2 0 -42.9166666666667 -21.25 225 123 63
"289" 1 0 -43.0833333333333 -22.25 194 104 59
"290" 2 0 -49.5833333333333 -20.75 225 127 68
"291" 3 0 -49.25 -19.5833333333333 236 131 69
"292" 2 0 -43.5833333333333 -21.9166666666667 198 105 61
"293" 1 0 -46.0833333333333 -22.25 192 125 66
"294" 3 0 -49.0833333333333 -21.25 224 125 68
"295" 3 0 -42.4166666666667 -21.0833333333333 221 128 62
"296" 2 0 -42.5833333333333 -22.4166666666667 182 99 60
"297" 2 0 -45.0833333333333 -22.0833333333333 191 139 66
"298" 3 0 -43.25 -21.25 215 119 63
"299" 3 0 -43.25 -20.75 204 116 62
"300" 3 0 -42.25 -21.4166666666667 225 123 62
"301" 2 0 -50.0833333333333 -21.0833333333333 226 127 65
"302" 2 0 -42.4166666666667 -22.5833333333333 230 86 58
"303" 2 0 -43.75 -22.0833333333333 204 110 60
"304" 3 0 -50.75 -21.4166666666667 220 126 64
"305" 1 0 -43.25 -22.9166666666667 224 82 56
"306" 1 0 -48.75 -21.0833333333333 224 123 69
"307" 2 0 -42.75 -22.25 173 102 60
"308" 1 0 -43.0833333333333 -21.4166666666667 220 121 63
"309" 2 0 -41.75 -22.4166666666667 229 85 58
"310" 2 0 -50.75 -20.4166666666667 227 127 65
"311" 1 0 -42.0833333333333 -21.0833333333333 219 124 62
"312" 3 0 -43.4166666666667 -21.25 209 114 62
